1 1 900.432672 2.534e-30 0.0903
1 2 903.187366 6.1470000000000004e-30 0.0361
1 1 905.278853 1.877e-27 0.0615
1 2 907.359205 3.96e-28 0.0314
1 4 909.53327 4.681000000000001e-28 0.0431
1 2 911.535792 2.9250000000000003e-26 0.0593
1 2 914.589046 2.588e-29 0.0743
1 1 917.585039 8.861000000000001e-30 0.0584
1 4 920.452758 1.104e-28 0.0381
1 4 922.81135 7.745e-29 0.0598
1 4 925.987563 2.555e-28 0.0432
1 4 928.189909 5.112e-28 0.0754
1 1 929.833 7.333e-30 0.0646
1 4 931.590607 2.929e-27 0.0627
1 2 933.91929 4.008e-29 0.0818
1 1 937.081987 4.657e-27 0.0488
1 1 939.384196 1.777e-27 0.0457
1 1 942.124775 6.357000000000001e-30 0.0646
1 1 944.85865 1.234e-24 0.0419
1 1 946.748034 1.798e-30 0.0903
1 4 949.149887 2.53e-28 0.0661
1 1 952.313228 8.305e-27 0.0712
1 4 954.172064 2.411e-29 0.0813
1 2 956.281628 1.276e-27 0.0395
1 4 958.828975 7.119e-29 0.0545
1 2 960.664532 1.522e-29 0.0267
1 1 962.970043 7.175e-27 0.0155
1 1 965.122381 1.6589999999999998e-29 0.0545
1 2 967.418095 1.396e-28 0.0513
1 4 969.1916 7.402e-27 0.071
1 1 971.656075 1.3949999999999999e-24 0.0455
1 4 973.861531 1.364e-29 0.0776
1 4 975.236907 1.8640000000000002e-28 0.0665
1 1 978.70656 8.711999999999999e-29 0.063
1 3 982.072973 7.64e-29 0.0501
1 2 983.975417 4.37e-27 0.071
1 3 987.586129 2.75e-29 0.043
1 1 990.443593 7.156000000000001e-26 0.0593
1 4 992.462289 5.942999999999999e-29 0.0371
1 4 995.16143 1.1469999999999999e-29 0.0817
1 4 997.752286 1.328e-29 0.0463
1 1 1000.532442 2.167e-28 0.0665
1 4 1003.813716 2.48e-29 0.0381
1 2 1006.376597 1.0680000000000001e-26 0.0426
1 2 1009.035871 3.4859999999999996e-27 0.0507
1 1 1010.759234 1.754e-26 0.0137
1 1 1013.353092 2.3439999999999998e-27 0.034
1 4 1016.716275 5.632e-27 0.0489
1 2 1019.202413 1.925e-29 0.0616
1 2 1021.911685 9.396000000000001e-28 0.0672
1 1 1024.838578 5.614e-28 0.0167
1 3 1027.036119 7.810000000000001e-28 0.0648
1 2 1029.056649 3.2159999999999996e-29 0.0339
1 1 1032.078855 1.911e-29 0.052
1 4 1033.467848 3.886e-29 0.053
1 2 1036.791517 6.412e-27 0.0599
1 4 1039.100987 2.779e-29 0.0667
1 4 1041.265273 2.121e-27 0.0616
1 1 1044.349054 1.3940000000000002e-26 0.0339
1 1 1048.26848 4.0080000000000006e-30 0.0487
1 3 1051.377207 1.71e-29 0.0644
1 1 1053.500381 3.473e-29 0.0829
1 4 1056.155713 4.2869999999999997e-29 0.0603
1 2 1058.227682 2.534e-29 0.0671
1 1 1060.227843 1.68e-30 0.0455
1 1 1062.921325 5.119e-29 0.0686
1 4 1065.289051 2.459e-29 0.0764
1 2 1067.107001 4.836e-29 0.0823
1 1 1068.82279 3.1510000000000003e-30 0.052
1 4 1070.708389 1.562e-27 0.0437
1 4 1072.783514 7.563e-28 0.0331
1 1 1074.260274 2.011e-30 0.0712
1 3 1075.991587 3.43e-29 0.0921
1 3 1078.310647 1.3199999999999998e-29 0.0687
1 4 1080.549417 3.934e-27 0.0706
1 1 1082.043834 9.066e-29 0.0632
1 1 1083.900347 7.967e-28 0.0442
1 1 1085.551392 1.4129999999999999e-27 0.0557
1 1 1087.316516 6.815000000000001e-30 0.0507
1 1 1089.59502 1.0780000000000001e-28 0.0793
1 1 1092.689377 3.536e-30 0.0445
1 4 1093.98897 2.261e-29 0.0451
1 4 1095.79397 5.501e-27 0.0872
1 1 1097.953085 2.5889999999999996e-29 0.022
1 1 1099.902991 6.008999999999999e-29 0.0733
