11 1 900.02849 7.772000000000001e-26 0.0777
11 1 900.577143 3.562e-24 0.0807
11 1 900.989328 2.463e-35 0.0906
11 1 901.478817 5.963000000000001e-25 0.1044
11 1 901.978704 4.045e-28 0.0906
11 1 902.522453 1.9809999999999998e-27 0.1028
11 2 903.25146 2.7290000000000004e-26 0.0655
11 2 903.84177 8.915e-27 0.0655
11 2 904.42157 1.366e-25 0.1003
11 1 904.943597 1.433e-25 0.074
11 1 905.285382 1.586e-31 0.0906
11 1 905.689179 2.418e-29 0.0598
11 1 906.001525 1.285e-29 0.1003
11 1 906.331234 5.858e-33 0.0906
11 1 906.725749 4.796e-29 0.0655
11 1 907.212035 1.6500000000000002e-26 0.0946
11 1 907.736541 2.927e-25 0.0974
11 1 908.044335 3.159e-27 0.0542
11 1 908.319792 1.8e-30 0.0542
11 1 908.646026 5.867e-25 0.1023
11 1 909.194432 1.382e-21 0.1028
11 1 909.459067 1.7069999999999998e-23 0.0976
11 1 909.801445 1.8060000000000002e-25 0.107
11 1 910.194598 5.312e-23 0.0777
11 1 910.551506 3.028e-29 0.0715
11 2 910.90554 2.264e-28 0.0488
11 2 911.2916 1.0920000000000001e-26 0.0906
11 1 911.745733 8.43e-23 0.1073
11 1 912.068355 3.615e-26 0.0875
11 1 912.327937 4.2979999999999997e-23 0.1017
11 2 912.75878 1.0300000000000001e-26 0.0906
11 1 913.121243 1.523e-24 0.0906
11 1 913.661615 4.682e-23 0.0715
11 1 914.081093 3.5290000000000005e-26 0.0488
11 1 914.347606 7.886000000000001e-26 0.0577
11 1 914.644408 7.237000000000001e-25 0.1062
11 1 915.138012 4.969000000000001e-32 0.0974
11 1 915.50064 8.647e-29 0.1044
11 1 915.870194 8.083e-29 0.1057
11 1 916.428157 7.379e-21 0.0906
11 1 916.950554 1.24e-28 0.0683
11 2 917.46513 5.656e-22 0.1044
11 2 917.81951 2.71e-25 0.0655
11 2 918.09363 2.5090000000000002e-25 0.0906
11 1 918.484933 1.6430000000000002e-25 0.1072
11 1 918.923097 2.365e-24 0.0777
11 1 919.319939 1.497e-28 0.0906
11 1 919.900014 1.001e-32 0.0715
11 1 920.333143 4.6400000000000006e-26 0.0974
11 2 920.8208 6.08e-25 0.0841
11 1 921.391039 1.865e-24 0.0715
11 2 922.00195 2.0310000000000002e-26 0.0875
11 2 922.61977 6.236e-31 0.1072
11 1 923.064285 4.5469999999999996e-33 0.0906
11 1 923.464591 4.8040000000000003e-26 0.071
11 2 923.94091 2.5209999999999997e-22 0.0985
11 2 924.20545 1.027e-26 0.0906
11 1 924.71244 2.019e-25 0.0715
11 2 925.21253 5.209e-25 0.0906
11 1 925.677976 8.339e-35 0.0906
11 1 926.068586 5.413000000000001e-26 0.0858
11 1 926.63022 4.041e-30 0.1044
11 1 927.075111 1.687e-23 0.0957
11 1 927.577801 5.08e-32 0.0715
11 1 928.107416 1.955e-25 0.0777
11 1 928.438569 1.191e-23 0.0891
11 1 928.754476 2.707e-19 0.1066
11 1 929.252943 3.987e-35 0.0542
11 1 929.642366 7.251e-27 0.0763
11 1 929.901497 5.196e-27 0.0542
11 2 930.42546 1.0889999999999998e-22 0.0875
11 1 930.891139 5.183e-33 0.0974
11 1 931.333247 2.123e-19 0.1073
11 1 931.807362 1.981e-30 0.0777
11 2 932.16411 4.3949999999999996e-23 0.0798
11 1 932.470841 2.7700000000000004e-31 0.107
11 1 932.943456 2.661e-24 0.0906
11 1 933.379166 2.8130000000000003e-25 0.0488
11 1 933.709779 5.478e-31 0.0841
11 1 934.01899 1.1429999999999999e-27 0.0655
11 1 934.455318 5.702000000000001e-26 0.1072
11 2 934.85062 1.1710000000000002e-26 0.1044
11 1 935.38325 1.6340000000000002e-32 0.0906
11 1 935.850539 3.793e-22 0.0974
11 1 936.454389 2.6639999999999998e-24 0.0856
11 1 936.882009 5.008999999999999e-22 0.0875
11 1 937.219031 1.44e-32 0.0906
11 2 937.78547 2.546e-24 0.0974
11 2 938.44875 1.414e-26 0.0974
11 1 938.885283 1.669e-27 0.0598
11 1 939.322698 1.7810000000000003e-26 0.0931
11 1 939.674546 2.201e-28 0.0818
11 1 940.084195 1.067e-27 0.0906
11 1 940.688746 1.125e-24 0.1044
11 1 941.093047 1.03e-27 0.0542
11 1 941.571345 6.875e-26 0.0906
11 1 941.95671 9.999000000000001e-30 0.1044
11 1 942.505144 5.708e-29 0.0542
11 1 942.822466 2.033e-25 0.107
11 1 943.187175 2.1660000000000003e-30 0.0542
11 1 943.880665 1.517e-28 0.0837
11 1 944.209896 1.786e-25 0.0598
11 2 944.78553 5.329e-27 0.0974
11 2 945.18532 7.555e-27 0.0906
11 1 945.694242 2.1020000000000002e-30 0.0629
11 1 946.089434 3.65e-23 0.0906
11 2 946.45277 6.184e-26 0.1044
11 1 946.701428 1.541e-26 0.0715
11 1 947.028868 5.338000000000001e-28 0.0841
11 1 947.347368 1.229e-22 0.0906
11 1 947.672186 1.283e-25 0.0906
11 1 948.016008 1.4560000000000001e-28 0.0542
11 1 948.340146 8.386e-27 0.0906
11 1 948.596155 7.962e-27 0.0875
11 1 948.91877 1.0239999999999999e-22 0.0906
11 1 949.132776 4.242e-24 0.1017
11 1 949.412035 1.124e-25 0.0974
11 1 949.802753 7.144e-32 0.0777
11 2 950.20399 1.037e-27 0.0629
11 1 950.513923 1.1400000000000001e-26 0.0715
11 2 950.82927 2.367e-27 0.0711
11 1 951.093216 1.407e-22 0.0906
11 2 951.43028 1.336e-27 0.0655
11 2 951.66837 9.163e-25 0.0906
11 2 951.9192 4.844e-27 0.0786
11 1 952.212282 2.1079999999999998e-29 0.0576
11 2 952.46894 1.05e-24 0.1044
11 1 952.635502 1.259e-24 0.0906
11 1 952.956206 1.1210000000000002e-26 0.0488
11 2 953.23628 3.05e-25 0.0974
11 1 953.523886 1.4670000000000001e-32 0.0906
11 2 953.79761 1.664e-25 0.0957
11 2 954.00193 2.77e-27 0.0777
11 2 954.25134 2.9640000000000003e-25 0.1074
11 1 954.553777 8.384e-24 0.0798
11 1 954.773521 1.366e-25 0.0906
11 1 955.071823 1.0310000000000001e-28 0.0777
11 1 955.466897 8.199000000000001e-25 0.0974
11 1 955.699287 4.536e-23 0.0933
11 2 956.0758 9.633e-24 0.0906
11 2 956.37447 1.547e-27 0.0542
11 2 956.76972 4.992000000000001e-25 0.0715
11 1 956.957769 2.0529999999999998e-23 0.0974
11 2 957.28662 3.5439999999999997e-23 0.0841
11 1 957.608958 3.9989999999999997e-23 0.1028
11 2 957.93686 3.428e-25 0.0598
11 1 958.220775 3.8550000000000006e-26 0.0598
11 1 958.521028 4.997e-27 0.0655
11 1 958.80256 4.053e-24 0.0777
11 1 959.202125 3.188e-28 0.0576
11 1 959.431063 6.987000000000001e-26 0.0875
11 2 959.83516 2.0139999999999998e-24 0.0629
11 1 960.273733 1.9910000000000003e-30 0.0598
11 1 960.576655 2.3959999999999998e-23 0.0655
11 1 960.893027 2.873e-21 0.0906
11 1 961.32235 3.909e-21 0.0841
11 2 961.73315 1.019e-21 0.1018
11 1 962.08046 1.893e-29 0.0906
11 1 962.388367 4.3590000000000004e-20 0.0974
11 2 963.01086 1.9850000000000001e-28 0.0655
11 1 963.796197 7.754e-20 0.0921
11 1 964.528179 5.33e-28 0.0655
11 1 965.172736 2.992e-27 0.0598
11 1 965.743706 1.4040000000000002e-25 0.089
11 1 966.379901 1.386e-19 0.0957
11 1 967.063342 5.279000000000001e-25 0.0798
11 1 967.774745 4.8290000000000003e-20 0.1028
11 1 968.494384 4.4520000000000004e-26 0.0906
11 1 969.321967 1.166e-32 0.0858
11 2 970.10914 9.261e-27 0.0683
11 2 970.99656 1.959e-28 0.0906
11 1 971.919634 6.179e-25 0.0974
11 1 972.68278 4.22e-24 0.0598
11 1 973.277934 3.446e-27 0.0715
11 2 974.18644 3.481e-29 0.1003
11 2 975.34959 5.457e-29 0.0934
11 1 976.273701 4.111e-28 0.0906
11 1 976.962686 1.8769999999999998e-29 0.0655
11 1 977.827296 5.322e-29 0.0655
11 1 978.784308 3.5529999999999996e-27 0.0906
11 2 979.75477 5.0139999999999997e-29 0.1063
11 1 980.349675 3.895e-33 0.0777
11 1 981.109136 2.492e-28 0.0598
11 1 982.151568 2.188e-26 0.0841
11 1 983.271067 2.3750000000000002e-26 0.0818
11 2 984.14783 4.506e-29 0.0841
11 1 984.862975 1.703e-29 0.0974
11 1 985.644106 1.152e-27 0.1023
11 1 986.853759 2.59e-27 0.0715
11 1 987.648058 3.354e-24 0.0715
11 1 988.423675 7.018e-24 0.1017
11 1 989.020386 1.193e-28 0.0715
11 1 989.77424 5.697999999999999e-29 0.0715
11 1 990.725988 1.941e-31 0.0715
11 1 991.446888 2.504e-27 0.089
11 1 992.024659 1.976e-27 0.0777
11 1 992.764553 2.734e-24 0.0841
11 1 993.644093 3.242e-31 0.0777
11 1 994.601594 2.131e-31 0.0777
11 1 995.173302 1.8269999999999998e-29 0.074
11 1 996.197562 2.818e-34 0.0715
11 1 996.950767 6.581999999999999e-27 0.0715
11 1 998.413033 1.2e-27 0.0798
11 2 999.2274 2.583e-29 0.0974
11 1 1000.038319 2.4030000000000003e-30 0.0715
11 1 1001.052833 6.127e-29 0.0715
11 1 1001.896069 3.893e-27 0.089
11 1 1002.6402 5.15e-27 0.0841
11 1 1003.579975 6.545e-31 0.0906
11 1 1004.500742 8.333e-27 0.0777
11 1 1005.923421 8.912999999999999e-29 0.0655
11 1 1006.855064 2.4180000000000003e-26 0.0841
11 1 1007.920467 1.298e-25 0.0777
11 1 1008.836016 6.172e-29 0.0858
11 1 1010.177683 9.196e-27 0.1011
11 2 1011.17752 1.5059999999999999e-27 0.1044
11 1 1011.745594 1.181e-24 0.0906
11 1 1012.602564 7.627000000000001e-26 0.0855
11 1 1013.175529 1.814e-19 0.0919
11 2 1014.18861 1.4880000000000001e-25 0.1074
11 1 1015.119667 4.481e-25 0.0976
11 1 1015.674117 4.864e-24 0.0683
11 1 1016.798594 4.5860000000000007e-26 0.1017
11 1 1017.87185 2.416e-25 0.0933
11 1 1018.972807 1.196e-25 0.0598
11 1 1019.786376 6.8180000000000005e-28 0.0906
11 1 1020.535924 2.556e-25 0.1044
11 1 1021.50381 9.729000000000001e-26 0.0841
11 1 1022.392346 1.341e-25 0.1044
11 1 1023.35666 1.002e-31 0.0906
11 2 1024.17634 4.417e-28 0.0974
11 1 1025.260397 7.304e-28 0.0946
11 1 1026.587473 1.927e-26 0.1044
11 2 1027.33215 6.723e-30 0.0841
11 1 1028.634138 1.1329999999999999e-29 0.0763
11 1 1029.729506 2.183e-27 0.0777
11 1 1030.551694 2.59e-23 0.1003
11 1 1031.52144 1.705e-24 0.0841
11 2 1032.70268 2.611e-25 0.0957
11 2 1033.5739 8.497e-24 0.0967
11 2 1034.51032 4.921e-25 0.0932
11 1 1035.29008 2.3660000000000003e-28 0.1062
11 1 1035.865474 3.893e-23 0.0837
11 1 1036.823547 3.7969999999999996e-23 0.089
11 2 1038.00495 3.475e-27 0.0598
11 1 1038.9452 2.434e-31 0.0598
11 1 1039.585534 6.9800000000000005e-28 0.0906
11 1 1040.168478 1.775e-29 0.0777
11 1 1040.799552 7.510000000000001e-30 0.0841
11 1 1041.669311 1.912e-26 0.0777
11 1 1042.78232 1.8830000000000001e-32 0.0906
11 1 1043.844765 3.8050000000000002e-25 0.0488
11 2 1044.93175 1.946e-27 0.0841
11 1 1046.084922 3.5669999999999995e-33 0.0777
11 1 1046.965075 1.8770000000000001e-31 0.0906
11 1 1047.934583 1.294e-25 0.0875
11 2 1049.00062 7.988e-22 0.0957
11 1 1050.124985 1.397e-26 0.0841
11 2 1051.19126 8.407e-28 0.1044
11 1 1052.365061 5.176e-24 0.1063
11 1 1053.310728 1.674e-25 0.0683
11 1 1054.23081 2.457e-25 0.0659
11 1 1054.940268 3.6249999999999996e-29 0.0906
11 2 1055.76462 1.0800000000000002e-25 0.0837
11 2 1056.80071 1.119e-27 0.0967
11 1 1058.177545 3.3190000000000005e-26 0.0906
11 2 1058.99395 9.327000000000001e-26 0.066
11 1 1059.717791 3.281e-23 0.0818
11 1 1060.49225 4.42e-23 0.0957
11 1 1061.602766 2.355e-28 0.0974
11 1 1062.864902 2.745e-28 0.0906
11 1 1064.082243 6.722e-29 0.0598
11 1 1065.223344 3.6910000000000003e-26 0.0974
11 1 1066.230712 8.8e-25 0.0946
11 1 1066.971864 5.963e-32 0.0906
11 1 1068.388469 2.209e-27 0.0906
11 1 1069.51879 2.56e-32 0.0875
11 1 1070.912317 3.751e-26 0.1044
11 1 1071.879917 2.4940000000000003e-31 0.0906
11 1 1072.627378 7.365e-20 0.0875
11 1 1073.211628 1.1929999999999999e-33 0.0715
11 1 1074.155471 7.65e-26 0.0906
11 1 1075.164849 5.561e-33 0.0655
11 1 1075.947618 2.414e-24 0.0905
11 1 1076.611016 2.929e-23 0.0629
11 1 1077.406629 3.364e-23 0.0946
11 1 1078.254538 2.586e-25 0.1051
11 1 1079.27788 1.341e-27 0.0841
11 2 1079.8534 1.37e-28 0.0934
11 1 1080.588813 4.2320000000000004e-26 0.0906
11 1 1081.396707 9.19e-25 0.0906
11 1 1082.522728 9.239e-35 0.0906
11 2 1083.35064 3.203e-28 0.0763
11 1 1084.599243 5.776000000000001e-20 0.1003
11 1 1085.52665 3.2379999999999997e-29 0.071
11 1 1086.678418 1.32e-32 0.0906
11 1 1087.868583 1.9500000000000002e-26 0.0488
11 1 1089.228753 2.517e-26 0.0542
11 1 1090.290659 9.117e-26 0.0542
11 1 1091.635222 2.937e-24 0.0739
11 2 1092.4845 1.237e-25 0.1063
11 1 1093.371505 9.917e-28 0.0906
11 1 1094.637521 1.103e-30 0.0906
11 1 1095.538273 2.76e-25 0.0711
11 1 1096.448266 5.457e-23 0.0875
11 2 1097.56976 5.706e-26 0.0655
11 1 1098.30846 1.021e-28 0.0974
11 1 1098.836724 1.193e-27 0.1044
11 1 1099.738101 1.3360000000000001e-21 0.092
