3 1 900.5139 3.078e-26 0.0818
3 1 906.9343 2.9820000000000005e-26 0.0729
3 1 911.6714 4.0280000000000003e-26 0.0754
3 1 915.1451 4.6850000000000005e-26 0.0684
3 1 917.8453 4.303e-26 0.0844
3 1 920.3197 9.786e-26 0.0705
3 1 921.7273 4.902e-26 0.0818
3 1 923.1155 3.834e-26 0.0775
3 1 924.11 1.038e-25 0.0681
3 1 925.2444 5.54e-26 0.0679
3 1 926.5644 3.8620000000000003e-26 0.0694
3 1 927.4823 3.361e-26 0.0679
3 1 928.1399 2.981e-26 0.0678
3 1 928.6882 4.5340000000000005e-26 0.0746
3 1 929.5513 5.44e-25 0.0678
3 1 929.9567 3.6320000000000004e-26 0.0727
3 1 930.5024 1.474e-25 0.0678
3 1 931.0669 1.288e-25 0.0706
3 1 931.5337 4.2840000000000006e-26 0.0734
3 1 931.8536 2.875e-25 0.0703
3 1 932.2924 1.4040000000000002e-25 0.0687
3 1 932.7532 4.2510000000000005e-26 0.0683
3 1 933.1766 1.423e-25 0.0689
3 1 933.4582 2.372e-25 0.0678
3 1 933.8795 2.5090000000000002e-25 0.0678
3 1 934.2278 3.7600000000000004e-25 0.0706
3 1 934.5801 5.281e-26 0.0681
3 1 934.9034 3.058e-25 0.0691
3 1 935.1263 9.038000000000001e-26 0.0682
3 1 935.41312 1.866e-25 0.0708
3 1 935.6976 3.448e-26 0.0678
3 1 935.8832 1.2649999999999999e-24 0.0678
3 1 936.211 3.2980000000000003e-25 0.0709
3 1 936.4974 5.27e-25 0.0678
3 1 936.7321 5.879e-26 0.0781
3 1 937.0181 7.661000000000001e-26 0.0725
3 1 937.1948 4.8250000000000007e-26 0.0678
3 1 937.3238 6.204e-26 0.0678
3 1 937.5958 4.962000000000001e-25 0.0695
3 1 937.7961 1.217e-25 0.068
3 1 937.9642 1.183e-25 0.0679
3 1 938.1937 2.625e-25 0.0718
3 1 938.4601 2.096e-25 0.07
3 1 938.6151 1.115e-25 0.0685
3 1 938.8246 1.183e-25 0.0679
3 1 938.99596 1.049e-25 0.0699
3 1 939.2504 1.1680000000000001e-25 0.0684
3 1 939.4449 1.5949999999999999e-24 0.0679
3 1 939.637 7.076e-25 0.0678
3 1 939.7959 2.442e-25 0.0701
3 1 939.9543 1.552e-25 0.0687
3 1 940.1726 1.471e-25 0.0683
3 1 940.3354 9.577000000000001e-26 0.0706
3 1 940.5273 2.1630000000000003e-25 0.0679
3 1 940.7025 1.663e-25 0.0693
3 3 940.8782 1.231e-25 0.0678
3 1 941.0136 2.8090000000000003e-25 0.0679
3 1 941.2182 1.75e-25 0.0681
3 1 941.4524 1.8190000000000001e-25 0.0678
3 3 941.6398 1.5670000000000002e-25 0.0678
3 1 941.7858 2.981e-26 0.0695
3 1 941.9117 1.005e-25 0.0693
3 1 942.0559 9.327e-25 0.0718
3 1 942.1577 9.346e-26 0.0718
3 1 942.2829 1.183e-25 0.0684
3 1 942.4982 2.192e-25 0.0726
3 1 942.6501 2.081e-25 0.0691
3 1 942.8567 1.1630000000000002e-25 0.0737
3 1 943.0202 9.753000000000001e-26 0.0696
3 1 943.123 2.356e-25 0.0679
3 1 943.2498 2.846e-25 0.0681
3 1 943.3603 1.4040000000000002e-25 0.0708
3 3 943.5073 3.75e-25 0.0678
3 1 943.6226 2.077e-25 0.07
3 1 943.7445 3.721e-25 0.0704
3 1 943.9021 1.7350000000000001e-25 0.0693
3 1 944.1428 2.891e-25 0.0678
3 1 944.2489 1.231e-25 0.0686
3 1 944.4024 9.808e-25 0.0726
3 1 944.5136 1.529e-25 0.0709
3 1 944.6183 1.275e-25 0.068
3 1 944.7681 2.712e-25 0.0699
3 1 944.8995 4.186e-26 0.0683
3 1 945.0088 1.309e-24 0.0683
3 1 945.11179 1.512e-24 0.0694
3 1 945.1767 5.692e-25 0.0704
3 1 945.3075 2.707e-25 0.0695
3 1 945.4182 6.617e-26 0.0816
3 1 945.5377 3.492e-26 0.0678
3 1 945.6911 1.615e-25 0.0718
3 1 945.801 3.817e-25 0.0684
3 1 945.9593 2.587e-25 0.0681
3 1 946.0904 2.8080000000000003e-25 0.07
3 1 946.2216 6.684e-26 0.0704
3 1 946.2933 3.1350000000000003e-25 0.0693
3 1 946.372 1.2400000000000002e-25 0.0696
3 1 946.4963 3.0550000000000005e-26 0.0699
3 1 946.6017 3.5960000000000004e-25 0.0702
3 1 946.74773 2.025e-24 0.0692
3 1 946.9026 1.606e-25 0.0714
3 1 947.05261 2.8260000000000003e-25 0.0683
3 1 947.172 3.961e-26 0.0678
3 1 947.3226 3.1250000000000003e-26 0.0699
3 1 947.4322 1.067e-24 0.0737
3 1 947.5227 3.683e-25 0.0681
3 1 947.6018 5.433e-25 0.0709
3 1 947.69687 1.014e-25 0.0682
3 1 947.7752 4.163e-25 0.0678
3 1 947.9264 3.435e-25 0.0696
3 1 948.0067 2.9900000000000003e-25 0.0687
3 1 948.1017 4.067e-25 0.0689
3 3 948.1811 1.029e-24 0.068
3 3 948.3351 1.452e-25 0.0689
3 1 948.4539 2.114e-25 0.0702
3 3 948.5544 2.4810000000000003e-25 0.0686
3 1 948.7015 1.183e-25 0.0763
3 1 948.7953 8.37e-25 0.0678
3 1 948.8852 4.731e-25 0.0704
3 3 948.9646 5.481e-25 0.0682
3 1 949.06672 9.627000000000001e-25 0.0687
3 1 949.2015 2.898e-24 0.0686
3 1 949.2813 4.82e-25 0.0684
3 1 949.3839 5.163e-25 0.0713
3 3 949.5448 1.25e-24 0.0681
3 1 949.6832 3.365e-25 0.0686
3 1 949.7784 1.135e-25 0.0711
3 1 949.8442 2.529e-25 0.0655
3 1 949.9519 9.808000000000001e-26 0.0718
3 1 950.0782 2.856e-25 0.0699
3 1 950.1563 2.9780000000000003e-25 0.0742
3 1 950.2505 2.519e-25 0.0689
3 1 950.3401 3.4620000000000003e-25 0.0679
3 1 950.4311 3.719e-25 0.0702
3 3 950.5854 1.25e-24 0.0682
3 1 950.6843 9.619000000000001e-26 0.0834
3 1 950.8073 5.903e-25 0.0686
3 1 950.8826 1.029e-24 0.0678
3 1 950.9775 1.8080000000000002e-25 0.0768
3 1 951.07325 2.217e-25 0.0773
3 1 951.1755 1.481e-24 0.0678
3 1 951.29 3.3170000000000003e-25 0.07
3 1 951.3913 1.385e-25 0.0699
3 1 951.4707 1.473e-25 0.0689
3 1 951.5541 1.635e-25 0.0729
3 1 951.6624 2.423e-25 0.0693
3 1 951.7532 6.875000000000001e-25 0.0695
3 1 951.88299 3.803e-24 0.0687
3 1 951.96697 2.238e-25 0.0679
3 1 952.07018 1.126e-24 0.0681
3 1 952.1467 1.067e-25 0.0701
3 1 952.2415 2.529e-25 0.0726
3 1 952.3188 7.201000000000001e-25 0.0687
3 1 952.4282 9.920000000000001e-26 0.0661
3 1 952.5738 4.12e-24 0.0691
3 1 952.6662 1.077e-24 0.0693
3 1 952.7216 6.168e-24 0.0689
3 3 952.829 1e-24 0.0686
3 1 952.964 2.856e-25 0.0695
3 1 953.0431 5.649000000000001e-26 0.07
3 3 953.1288 6.846e-25 0.0689
3 1 953.2353 1.615e-24 0.0713
3 1 953.3168 1.317e-24 0.0686
3 1 953.4279 1.125e-25 0.0741
3 1 953.4995 2.027e-24 0.0679
3 1 953.5832 3.495e-25 0.0707
3 1 953.6766 9.183000000000001e-26 0.0721
3 1 953.7589 1.769e-25 0.0726
3 1 953.8242 2.087e-25 0.0785
3 1 953.96568 3.349e-25 0.0681
3 1 954.0564 2.029e-25 0.078
3 1 954.1544 2.173e-24 0.0734
3 1 954.2158 1.2019999999999999e-24 0.0703
3 3 954.2985 1.644e-24 0.0686
3 1 954.42 2.731e-25 0.0723
3 1 954.5542 1.173e-24 0.0721
3 1 954.6169 5.922e-24 0.0693
3 1 954.71 5.953000000000001e-26 0.0684
3 1 954.8052 8.673e-25 0.068
3 3 954.8816 5.846e-25 0.0695
3 1 954.9555 1.875e-24 0.0687
3 1 955.0738 1.987e-25 0.0686
3 1 955.1756 1.875e-25 0.0792
3 1 955.28 1.663e-25 0.0768
3 1 955.3736 1.298e-25 0.0739
3 1 955.4431 2.144e-25 0.0715
3 1 955.5197 3.029e-25 0.0737
3 1 955.5955 4.8350000000000007e-26 0.0718
3 1 955.6778 2.6730000000000002e-25 0.073
3 1 955.7811 2.1439999999999998e-24 0.0718
3 1 955.8639 3.797e-24 0.068
3 1 955.9588 1.308e-24 0.0689
3 1 956.0464 1.7210000000000002e-25 0.0737
3 1 956.1122 9.2e-25 0.0706
3 3 956.2319 3.096e-24 0.0687
3 1 956.3116 6.529e-25 0.0693
3 1 956.4224 1.769e-25 0.0737
3 1 956.52159 1.012e-25 0.0749
3 1 956.60465 1.9489999999999998e-24 0.0678
3 1 956.6621 1.295e-24 0.0704
3 1 956.7546 1.865e-25 0.0733
3 1 956.8168 5.047e-25 0.0679
3 1 956.93091 8.139e-25 0.0679
3 1 957.0046 1.548e-25 0.0704
3 1 957.0881 1.298e-25 0.0754
3 1 957.1722 1.058e-24 0.0695
3 1 957.2436 3.375e-25 0.0741
3 1 957.3391 4.83e-25 0.0683
3 1 957.4221 2.1820000000000003e-25 0.0686
3 1 957.535 2.519e-25 0.0721
3 1 957.6421 1.431e-23 0.0686
3 1 957.7275 5.902e-25 0.0695
3 1 957.8214 3.096e-25 0.0737
3 1 957.90623 4.926e-24 0.068
3 1 957.97732 1.352e-25 0.0684
3 1 958.0356 1.942e-25 0.0745
3 1 958.1009 1.76e-25 0.0812
3 1 958.2015 2.0769999999999998e-24 0.0726
3 1 958.2798 1.087e-24 0.0684
3 1 958.3909 1.266e-25 0.0714
3 1 958.4773 5.679e-25 0.0697
3 1 958.5214 1.9810000000000001e-25 0.0745
3 1 958.6039 1.779e-25 0.0721
3 1 958.6969 1.942e-24 0.0704
3 1 958.7915 3.6250000000000003e-25 0.0686
3 1 958.8972 1.74e-24 0.0792
3 1 958.9818 7.416e-25 0.0699
3 1 959.0234 3.9420000000000003e-25 0.0741
3 1 959.1187 5.5e-25 0.0714
3 1 959.1869 1.317e-25 0.0744
3 1 959.2718 1.917e-24 0.0678
3 1 959.3327 7.6060000000000005e-25 0.0689
3 1 959.407 5.362e-24 0.0683
3 1 959.4957 1.837e-25 0.0793
3 1 959.5823 1.262e-25 0.0718
3 1 959.6673 3.202e-25 0.0696
3 1 959.7408 1.179e-25 0.0764
3 1 959.8404 1.148e-24 0.0699
3 1 959.90818 4.288e-25 0.0682
3 1 960.0067 3.5060000000000003e-26 0.0725
3 1 960.1024 3.038e-24 0.0695
3 1 960.1596 1.067e-24 0.0741
3 1 960.2403 8.724000000000001e-25 0.07
3 1 960.33113 2.316e-25 0.0706
3 1 960.3923 2.692e-25 0.073
3 1 960.49475 6.139e-25 0.0679
3 1 960.5709 3.1149999999999998e-24 0.073
3 1 960.6273 2.144e-25 0.0733
3 1 960.7475 1.635e-25 0.0737
3 1 960.8298 6.096e-25 0.0745
3 1 960.9405 2.144e-25 0.0749
3 1 961.0219 1.673e-24 0.0701
3 1 961.1028 1.45e-24 0.0713
3 1 961.15876 1.413e-24 0.0683
3 1 961.2585 6.637e-24 0.0686
3 1 961.3229 9.959000000000001e-26 0.0718
3 1 961.3954 4.86e-25 0.0703
3 3 961.4714 3.942e-24 0.0699
3 1 961.5406 4.503e-26 0.0725
3 1 961.5853 3.25e-25 0.0733
3 1 961.6786 3.5769999999999996e-24 0.0683
3 1 961.7552 8.365000000000001e-25 0.0733
3 3 961.8455 4.3649999999999996e-24 0.0699
3 1 961.9337 1.2199999999999999e-23 0.0703
3 1 962.0336 1.471e-25 0.0834
3 1 962.1098 1.008e-25 0.0774
3 1 962.1856 4.933e-25 0.0827
3 1 962.268 2.067e-24 0.0812
3 1 962.3514 2.087e-25 0.073
3 1 962.4368 5.288000000000001e-25 0.073
3 1 962.5059 1.519e-25 0.0835
3 1 962.5816 2.3370000000000003e-25 0.0768
3 1 962.6615 4.945e-25 0.0684
3 1 962.756 8.208000000000001e-25 0.0703
3 1 962.8611 1.058e-23 0.068
3 1 962.907 2.0580000000000001e-25 0.0768
3 1 962.97324 2.087e-25 0.0687
3 1 963.0471 9.711e-24 0.0687
3 1 963.0886 1.2500000000000001e-25 0.0706
3 1 963.1871 1.2500000000000001e-25 0.0774
3 1 963.2715 5.3279999999999996e-24 0.0693
3 1 963.3474 3.25e-24 0.0741
3 3 963.4336 3.5769999999999996e-24 0.0702
3 1 963.5335 1.277e-25 0.0681
3 1 963.6031 1.702e-25 0.0784
3 1 963.6957 7.846000000000001e-25 0.0727
3 1 963.7735 1.106e-25 0.0713
3 1 963.8257 2.212e-25 0.0699
3 1 963.9028 3.087e-26 0.074
3 1 963.9635 1.3359999999999999e-24 0.0703
3 1 964.02332 4.791e-23 0.0679
3 1 964.0798 2.301e-23 0.0703
3 1 964.1659 1.221e-25 0.0779
3 1 964.244 4.019e-25 0.0718
3 1 964.3172 3.654e-24 0.0702
3 1 964.3651 5.221e-24 0.0686
3 1 964.4462 1.192e-25 0.07
3 3 964.5188 2.288e-24 0.0706
3 3 964.6249 1.8169999999999998e-24 0.0707
3 1 964.67638 3.716e-25 0.0706
3 1 964.7681 5.253e-26 0.0773
3 1 964.8143 6.076e-26 0.0734
3 1 964.892 6.817e-25 0.0763
3 1 964.9706 2.885e-24 0.0741
3 1 965.0315 4.231e-25 0.0768
3 1 965.0951 9.077e-26 0.066
3 1 965.142 2.202e-24 0.0706
3 1 965.209 2.183e-24 0.0745
3 1 965.2556 4.9340000000000005e-26 0.07
3 1 965.367 1.0290000000000001e-25 0.0707
3 1 965.4313 3.0320000000000004e-26 0.0909
3 1 965.516 4.798e-24 0.0705
3 1 965.6003 7.833000000000001e-26 0.0727
3 1 965.6827 1.346e-24 0.0843
3 1 965.7505 1.442e-25 0.0718
3 1 965.8224 2.385e-24 0.0718
3 1 965.8977 1.356e-25 0.0702
3 1 965.9712 5.0690000000000007e-26 0.0696
3 1 966.0613 1.558e-25 0.0703
3 1 966.13332 1.154e-25 0.07
3 1 966.1923 5.952000000000001e-25 0.0718
3 1 966.2593 9.904000000000001e-26 0.0782
3 1 966.3357 1.558e-25 0.0704
3 1 966.3949 3.7980000000000003e-25 0.0753
3 1 966.4578 7.502e-26 0.076
3 1 966.5529 1.154e-24 0.0753
3 1 966.64569 8.78e-24 0.068
3 1 966.7169 4.7020000000000005e-25 0.0749
3 1 966.8032 9.904000000000001e-26 0.0704
3 1 966.8904 1.462e-25 0.0749
3 1 966.9568 3.3170000000000003e-25 0.0785
3 1 967.0101 1.7980000000000002e-25 0.0721
3 3 967.0544 7.096e-24 0.0704
3 1 967.1247 2.112e-23 0.0691
3 1 967.1988 2.26e-23 0.0683
3 1 967.2537 3.308e-24 0.0707
3 3 967.3286 1.058e-23 0.0693
3 2 967.38764 6.371e-25 0.0679
3 1 967.46557 4.25e-25 0.0714
3 1 967.5282 1.314e-24 0.0709
3 1 967.5894 2.817e-24 0.0709
3 1 967.6641 1.365e-23 0.0711
3 1 967.7202 1.8080000000000002e-25 0.0723
3 1 967.8229 2.375e-25 0.0767
3 3 967.8986 9.5e-24 0.0704
3 1 967.9941 5.212e-24 0.0695
3 4 968.0598 9.337000000000001e-26 0.0678
3 1 968.1297 1.415e-24 0.0693
3 3 968.218 1.0669999999999999e-23 0.0704
3 1 968.2895 1.452e-25 0.0711
3 1 968.3663 4.8929999999999997e-23 0.0666
3 2 968.4332 6.013e-25 0.0679
3 1 968.48145 2.565e-25 0.0656
3 1 968.5623 3.587e-25 0.0792
3 1 968.6717 9.808000000000001e-26 0.0837
3 1 968.7242 1.854e-23 0.0699
3 1 968.8072 3.62e-24 0.0726
3 1 968.899 4.74e-25 0.0796
3 1 968.9514 4.308e-25 0.0792
3 1 969.0423 1.135e-24 0.0737
3 1 969.1257 3.058e-25 0.0798
3 1 969.1922 3.7980000000000003e-25 0.0878
3 1 969.2532 4.481e-25 0.0737
3 1 969.3251 7.317e-25 0.0785
3 1 969.4008 1.048e-25 0.0812
3 1 969.5079 1.465e-23 0.0701
3 1 969.5748 2.606e-23 0.0713
3 1 969.6256 2.5939999999999998e-23 0.0699
3 2 969.6744 1.533e-24 0.0681
3 1 969.7277 7.279e-24 0.0707
3 1 969.80608 5.88e-24 0.0679
3 1 969.8564 1.605e-24 0.0713
3 1 969.9388 4.858e-23 0.0711
3 1 970.017 1.538e-25 0.0794
3 1 970.074 1.144e-24 0.0723
3 1 970.1395 5.092e-26 0.0732
3 1 970.2075 1.144e-24 0.0751
3 1 970.2621 1.523e-24 0.0741
3 1 970.3302 6.483e-25 0.0721
3 1 970.4077 1.072e-25 0.0695
3 1 970.481 2.923e-25 0.0784
3 1 970.5748 7.149000000000001e-26 0.0681
3 1 970.6591 8.077e-24 0.0685
3 1 970.73619 3.6739999999999997e-23 0.0679
3 1 970.8195 2.394e-25 0.0805
3 1 970.8884 9.712e-24 0.0699
3 1 970.9508 5.24e-25 0.0768
3 1 971.0283 7.846e-24 0.0723
3 1 971.0827 7.298e-24 0.068
3 1 971.1463 8.638000000000001e-26 0.0758
3 1 971.2106 4.817e-25 0.0745
3 1 971.2766 7.538e-24 0.0723
3 1 971.3379 1.788e-25 0.0802
3 2 971.40192 1.147e-24 0.0682
3 1 971.4522 5.596000000000001e-26 0.0693
3 1 971.5696 2.8649999999999998e-24 0.0737
3 1 971.6442 1.1630000000000002e-25 0.0721
3 1 971.72513 2.185e-24 0.0691
3 1 971.79849 2.121e-24 0.0699
3 1 971.8511 5.788e-25 0.0836
3 1 971.9328 7.153e-24 0.0711
3 1 972.0067 7.846000000000001e-25 0.0855
3 1 972.0876 1.212e-25 0.066
3 1 972.1719 4.8180000000000004e-26 0.07
3 3 972.2513 1.3849999999999998e-23 0.0711
3 1 972.3256 1.385e-25 0.066
3 1 972.38209 3.428e-24 0.0689
3 1 972.4543 2.3370000000000003e-25 0.0805
3 1 972.5475 2.173e-24 0.0792
3 1 972.6072 1.558e-24 0.0707
3 1 972.6725 4.231e-25 0.089
3 1 972.7343 3.635e-24 0.0785
3 1 972.8064 7.846000000000001e-25 0.0805
3 1 972.87945 8.597e-24 0.0683
3 1 972.98714 5.179e-24 0.0687
3 1 973.0537 1.125e-24 0.0768
3 1 973.1524 9.24e-24 0.073
3 1 973.232 8.674e-24 0.0708
3 1 973.2941 2.202e-25 0.0812
3 1 973.3824 1.019e-24 0.0693
3 1 973.46316 4.411e-25 0.068
3 1 973.5323 3.344e-23 0.0703
3 1 973.6045 3.558e-25 0.0729
3 2 973.69081 3.042e-25 0.0696
3 2 973.74332 1.155e-24 0.0686
3 1 973.8067 4.433e-24 0.0782
3 1 973.87278 4.638000000000001e-25 0.0744
3 1 973.94666 1.2049999999999999e-24 0.0701
3 1 974.0232 7.346e-24 0.0737
3 1 974.1057 5.9899999999999996e-24 0.0765
3 4 974.1779 9.125e-26 0.0681
3 1 974.262 4.192e-23 0.0693
3 1 974.3567 3.7620000000000006e-26 0.0725
3 1 974.4528 1.375e-25 0.0773
3 1 974.49539 5.858e-25 0.0679
3 1 974.5532 7.729000000000001e-26 0.0673
3 1 974.6103 1.01e-25 0.0819
3 1 974.6907 9.202e-24 0.0718
3 1 974.753 9.615e-24 0.0737
3 1 974.8212 8.104999999999999e-23 0.068
3 1 974.8744 1.385e-24 0.0752
3 1 974.9319 1.387e-24 0.0758
3 1 975.0113 4.298e-25 0.0835
3 1 975.0964 1.317e-25 0.0809
3 2 975.17592 2.628e-24 0.0686
3 1 975.2411 1.0669999999999999e-23 0.0737
3 1 975.30482 5.456e-24 0.0696
3 1 975.4116 3.308e-24 0.0798
3 1 975.4691 7.662999999999999e-23 0.0693
3 1 975.5514 1.019e-23 0.0741
3 1 975.6085 1.04e-24 0.0695
3 3 975.6417 2.462e-23 0.0715
3 1 975.7001 1.2789999999999999e-23 0.0718
3 1 975.76997 2.419e-25 0.0711
3 1 975.8508 3.9150000000000004e-26 0.0798
3 1 975.9257 9.279000000000001e-26 0.0767
3 1 975.9814 2.308e-24 0.0737
3 3 976.0529 2.769e-23 0.0681
3 1 976.1126 1.199e-25 0.0742
3 1 976.16905 8.341e-23 0.0682
3 1 976.235 1.452e-25 0.0796
3 1 976.278 1.519e-25 0.0697
3 1 976.3491 8.923e-24 0.0723
3 1 976.4743 3.243e-26 0.079
3 4 976.5376 1.462e-25 0.0681
3 1 976.61 2.4039999999999998e-24 0.073
3 1 976.66531 4.3530000000000005e-25 0.0709
3 1 976.7264 7.529e-24 0.0726
3 1 976.7691 1.365e-23 0.0706
3 1 976.8223 6.189e-23 0.0706
3 1 976.8795 3.283e-26 0.0691
3 3 976.9625 1.279e-24 0.0745
3 1 977.0253 6.423e-25 0.086
3 1 977.09339 7.624e-23 0.0684
3 1 977.17505 9.17e-25 0.0668
3 1 977.2261 2.298e-24 0.0715
3 1 977.2774 2.543e-23 0.0713
3 1 977.318 4.269e-25 0.079
3 1 977.40363 8.126e-25 0.079
3 1 977.4748 1.2619999999999999e-23 0.0711
3 1 977.5108 2.308e-25 0.086
3 1 977.5485 6.798e-25 0.0691
3 1 977.608 1.3320000000000001e-25 0.0759
3 1 977.6662 1.7980000000000002e-25 0.0702
3 1 977.7329 7.558e-24 0.0753
3 1 977.7971 2.769e-25 0.0767
3 1 977.86999 1.016e-24 0.0707
3 1 977.922 7.119e-26 0.0716
3 1 977.99254 1.833e-25 0.0785
3 1 978.042 1.279e-25 0.0809
3 1 978.0945 6.798e-23 0.07
3 1 978.1584 1.675e-25 0.0698
3 1 978.2059 9.135e-24 0.0753
3 1 978.2636 1.3240000000000002e-25 0.0673
3 1 978.3128 1.2309999999999999e-22 0.0647
3 1 978.36041 2.376e-23 0.0684
3 1 978.4208 1.286e-25 0.0779
3 1 978.4997 4.8620000000000004e-26 0.0695
3 1 978.551 1.519e-25 0.0807
3 1 978.5965 2.3370000000000003e-25 0.0779
3 1 978.6439 4.914e-23 0.0711
3 1 978.71047 2.3370000000000003e-25 0.0646
3 1 978.7663 2.087e-25 0.077
3 1 978.8292 1.394e-24 0.0843
3 1 978.8871 1.067e-25 0.079
3 1 978.9521 1.548e-25 0.0704
3 1 979.015 1.471e-25 0.0684
3 1 979.0539 4.341e-24 0.0763
3 2 979.09776 4.301e-24 0.0691
3 1 979.1676 1.952e-25 0.0798
3 1 979.2055 8.279e-25 0.0657
3 3 979.2488 3.404e-24 0.0749
3 1 979.3095 2.894e-25 0.0684
3 1 979.3462 6.276e-23 0.0711
3 1 979.3887 1.25e-24 0.0805
3 1 979.4493 3.4420000000000004e-25 0.086
3 2 979.49583 1.864e-24 0.0699
3 1 979.5582 1.9129999999999998e-23 0.0726
3 1 979.6119 4.7730000000000005e-26 0.0623
3 1 979.6574 6.149e-26 0.0727
3 1 979.71298 8.786999999999999e-24 0.0679
3 1 979.7601 5.9129999999999996e-24 0.0713
3 1 979.8112 3.4039999999999996e-23 0.0706
3 1 979.857 2.5399999999999998e-24 0.0741
3 1 979.9363 9.693e-26 0.073
3 1 979.9851 2.365e-25 0.0807
3 1 980.0443 2.689e-25 0.0692
3 1 980.0983 1.628e-25 0.0734
3 1 980.150338 6.966e-24 0.0704
3 1 980.2111 2.747e-25 0.0814
3 1 980.2517 2.011e-25 0.0792
3 1 980.3104 1.5600000000000002e-25 0.0658
3 1 980.3559 2.002e-25 0.0701
3 2 980.40215 5.415e-25 0.0697
3 1 980.435 1.278e-25 0.0754
3 1 980.4823 2.1620000000000003e-25 0.0704
3 1 980.530703 1.347e-23 0.07
3 1 980.5987 7.211000000000001e-25 0.079
3 1 980.6445 1.8839999999999998e-24 0.0843
3 1 980.7198 3.3060000000000003e-25 0.0706
3 1 980.7736 1.796e-25 0.0821
3 2 980.83454 1.772e-24 0.0699
3 1 980.8744 2.139e-25 0.0744
3 1 980.9294 1.874e-25 0.0785
3 1 980.9836 6.988000000000001e-26 0.0695
3 1 981.045 3.894e-23 0.0707
3 4 981.0798 2.856e-25 0.0686
3 4 981.1314 2.202e-25 0.0689
3 1 981.1837 3.9150000000000004e-26 0.0759
3 1 981.2411 1.119e-25 0.076
3 1 981.2784 9.389e-26 0.0767
3 1 981.3346 7.564000000000001e-25 0.0657
3 4 981.4009 1.9710000000000002e-25 0.0691
3 1 981.4558 1.952e-25 0.0836
3 1 981.480319 5.896e-25 0.0718
3 1 981.5186 6.655e-24 0.0768
3 1 981.5742 1.364e-24 0.0851
3 1 981.6446 4.1300000000000002e-25 0.0767
3 1 981.684917 2.956e-23 0.0695
3 1 981.7341 3.826e-25 0.0796
3 1 981.7882 1.0890000000000001e-25 0.0738
3 1 981.8359 1.3639999999999998e-23 0.0768
3 1 981.8826 1.47e-22 0.0702
3 1 981.9409 7.132e-25 0.0796
3 1 981.9737 2.43e-24 0.0749
3 1 982.030225 6.898e-23 0.0718
3 1 982.0776 2.3250000000000003e-25 0.0865
3 1 982.1325 3.002e-25 0.076
3 1 982.1821 6.367e-24 0.0763
3 1 982.226 1.04e-23 0.0774
3 1 982.2798 1.626e-24 0.0695
3 1 982.3221 1.226e-25 0.0855
3 1 982.389877 3.3369999999999996e-22 0.0684
3 3 982.438 1.135e-23 0.0749
3 1 982.4864 1.138e-25 0.0767
3 1 982.5476 1.109e-25 0.0801
3 1 982.589471 1.9030000000000001e-25 0.0726
3 1 982.649227 5.945e-23 0.0749
3 1 982.6938 8.576e-26 0.0673
3 1 982.7413 1.207e-25 0.0749
3 1 982.7905 6.121e-26 0.0716
3 1 982.8352 1.845e-24 0.086
3 1 982.8924 8.951999999999999e-23 0.0706
3 1 982.9326 1.9620000000000002e-25 0.0768
3 1 982.9833 8.978000000000001e-26 0.0729
3 1 983.0352 1.452e-25 0.0705
3 1 983.1125 1.628e-25 0.0734
3 1 983.141371 7.584999999999999e-23 0.0721
3 1 983.1858 2.158e-24 0.0798
3 1 983.2155 2.0139999999999998e-23 0.0741
3 1 983.264278 1.103e-22 0.0696
3 1 983.3177 6.851000000000001e-26 0.0699
3 1 983.368112 1.9329999999999999e-22 0.0693
3 1 983.4257 6.201e-25 0.0843
3 1 983.497716 2.632e-24 0.0713
3 1 983.536129 1.252e-23 0.0704
3 4 983.564 4.0770000000000004e-25 0.0689
3 4 983.6207 5.394e-25 0.0689
3 1 983.6693 3.3490000000000004e-26 0.0779
3 1 983.697 1.303e-25 0.0775
3 1 983.752166 1.3979999999999999e-24 0.0679
3 1 983.792 1.1670000000000001e-25 0.0828
3 1 983.8486 1.7260000000000002e-25 0.0785
3 1 983.8912 2.0510000000000002e-25 0.0706
3 1 983.9528 1.036e-23 0.0774
3 4 983.9989 2.288e-25 0.0699
3 1 984.058643 3.6539999999999995e-22 0.0679
3 1 984.0982 6.2499999999999996e-24 0.0792
3 1 984.1331 3.051e-25 0.0707
3 1 984.1883 2.776e-25 0.0707
3 1 984.2247 1.204e-25 0.0787
3 1 984.2583 2.678e-24 0.0724
3 1 984.321359 6.089e-23 0.0693
3 1 984.3766 1.933e-25 0.066
3 1 984.416771 1.9439999999999998e-22 0.0704
3 1 984.4815 2.453e-25 0.0707
3 2 984.53558 1.426e-24 0.0709
3 1 984.5832 1.2669999999999999e-23 0.0745
3 1 984.6126 2.217e-25 0.066
3 1 984.6468 1.113e-23 0.0714
3 3 984.6907 8.346e-24 0.0763
3 1 984.730268 1.404e-23 0.0706
3 1 984.7858 1.275e-25 0.0877
3 1 984.834811 1.343e-22 0.0718
3 1 984.858421 5.157e-25 0.0726
3 4 984.8966 7.327e-25 0.0691
3 1 984.9361 1.685e-22 0.0706
3 1 984.9768 7.332000000000001e-26 0.0664
3 1 985.0328 1.8940000000000001e-25 0.0779
3 1 985.0907 3.072e-25 0.0696
3 4 985.1278 6.462e-25 0.0691
3 1 985.1954 3.6260000000000003e-25 0.0651
3 1 985.2276 1.442e-25 0.0884
3 1 985.2615 1.697e-25 0.0869
3 1 985.3347 4.778e-25 0.0707
3 1 985.3718 1.5660000000000002e-25 0.0636
3 1 985.419648 9.442e-25 0.073
3 1 985.459277 1.934e-22 0.0706
3 1 985.5058 9.753e-25 0.0814
3 1 985.5307 2.002e-25 0.0746
3 1 985.5718 1.93e-25 0.0678
3 1 985.6197 1.422e-25 0.0673
3 3 985.6661 2.6919999999999996e-23 0.0753
3 1 985.732 7.348e-26 0.066
3 1 985.794526 2.906e-24 0.0718
3 4 985.8469 4.452e-25 0.0695
3 1 985.8972 2.364e-25 0.066
3 1 985.9326 8.359000000000001e-25 0.0796
3 1 985.9831 2.9889999999999998e-24 0.0696
3 1 986.017 2.3290000000000003e-25 0.0681
3 1 986.0756 9.811000000000001e-26 0.0872
3 1 986.1082 3.601e-24 0.0758
3 2 986.14501 5.177e-24 0.0703
3 4 986.1933 1.0099999999999999e-24 0.0693
3 1 986.2399 1.913e-24 0.0768
3 1 986.3039 1.609e-25 0.0733
3 1 986.3598 5.72e-25 0.079
3 1 986.421 1.011e-25 0.073
3 1 986.4522 1.492e-24 0.0819
3 4 986.494 3.077e-25 0.0701
3 1 986.5462 1.5899999999999999e-24 0.0763
3 1 986.585547 2.138e-23 0.0706
3 1 986.6312 1.095e-25 0.0664
3 1 986.6814 1.96e-24 0.0785
3 2 986.70024 1.187e-23 0.0659
3 1 986.7451 1.854e-25 0.0729
3 1 986.7656 7.398e-25 0.0801
3 1 986.8059 5.511000000000001e-26 0.065
3 1 986.8504 3.406e-25 0.0727
3 1 986.9098 1.511e-25 0.073
3 1 986.9522 1.001e-25 0.0737
3 1 987.007884 1.4169999999999999e-22 0.0758
3 1 987.063689 3.369e-25 0.0733
3 3 987.1014 5.865e-23 0.0718
3 1 987.149423 3.362e-24 0.0721
3 1 987.2004 1.668e-25 0.0725
3 1 987.2441 3.9090000000000005e-26 0.0775
3 2 987.29746 7.446000000000001e-26 0.0687
3 1 987.3428 1.314e-24 0.0845
3 1 987.404956 2.199e-22 0.0726
3 1 987.4372 3.6200000000000003e-25 0.067
3 1 987.4988 6.917e-24 0.0812
3 1 987.5384 1.013e-25 0.0724
3 1 987.5882 1.8150000000000001e-25 0.0865
3 3 987.6456 1.173e-23 0.0774
3 1 987.6794 1.202e-25 0.0759
3 1 987.7236 6.765e-24 0.0763
3 1 987.778 1.226e-25 0.0773
3 1 987.8061 3.913e-24 0.0699
3 1 987.8519 2.3449999999999998e-24 0.0729
3 1 987.8862 3.9400000000000003e-26 0.0687
3 1 987.9269 4.562e-25 0.0855
3 4 987.9653 7.683e-25 0.0695
3 1 988.0128 5.278000000000001e-25 0.0828
3 1 988.0793 3.802e-23 0.0729
3 1 988.1427 5.693e-25 0.0665
3 1 988.18379 1.3529999999999998e-22 0.0733
3 1 988.2451 3.552e-25 0.0858
3 3 988.295 3.558e-23 0.0763
3 1 988.356328 4.575e-23 0.0706
3 1 988.4107 6.789e-25 0.0737
3 1 988.467 1.158e-25 0.086
3 1 988.5181 1.295e-25 0.0827
3 1 988.5755 4.17e-25 0.0821
3 1 988.6317 1.1750000000000001e-25 0.0775
3 1 988.6796 3.1290000000000004e-26 0.07
3 1 988.722 2.3350000000000003e-25 0.0801
3 1 988.753615 2.1620000000000003e-25 0.0707
3 1 988.8087 5.735e-24 0.0745
3 1 988.845683 1.061e-24 0.0713
3 1 988.8885 7.255000000000001e-25 0.0628
3 1 988.918587 6.948e-23 0.0704
3 1 988.9704 1.483e-23 0.076
3 1 989.0079 3.584e-25 0.064
3 1 989.041 1.384e-24 0.0745
3 4 989.0865 1.048e-24 0.0699
3 1 989.1578 5.184e-23 0.0749
3 1 989.1878 2.517e-24 0.0753
3 1 989.2364 2.533e-23 0.0741
3 1 989.277799 1.045e-22 0.0774
3 1 989.3518 1.294e-23 0.0798
3 1 989.410956 1.449e-24 0.0773
3 1 989.453836 2.844e-24 0.0767
3 1 989.4963 5.848000000000001e-26 0.0704
3 1 989.5568 4.344000000000001e-25 0.0737
3 1 989.601548 2.417e-25 0.0711
3 1 989.6392 1.314e-24 0.0741
3 1 989.7139 1.186e-25 0.066
3 1 989.7478 1.413e-24 0.0699
3 1 989.7974 1.0200000000000001e-25 0.0715
3 1 989.8434 6.805e-25 0.0693
3 1 989.8761 2.1880000000000002e-25 0.07
3 1 989.9253 1.059e-25 0.0798
3 2 989.95846 1.027e-24 0.0715
3 1 990.0116 6.833e-25 0.0719
3 1 990.054 1.4049999999999998e-22 0.0774
3 2 990.11942 3.827e-25 0.0695
3 1 990.1559 2.296e-25 0.0767
3 1 990.18241 3.79e-24 0.0734
3 1 990.2259 1.1499999999999999e-23 0.0734
3 4 990.2519 9.048e-25 0.0701
3 1 990.30211 1.537e-22 0.0741
3 1 990.3621 1.805e-24 0.0701
3 1 990.4162 1.708e-25 0.0679
3 1 990.460858 8.807e-25 0.0648
3 1 990.5133 3.071e-25 0.0689
3 1 990.5703 5.167e-25 0.073
3 1 990.6085 1.1670000000000001e-25 0.0792
3 1 990.6719 1.001e-25 0.072
3 1 990.7167 5.642000000000001e-25 0.0702
3 3 990.7632 4.981e-24 0.0798
3 1 990.7977 2.014e-25 0.0691
3 1 990.838 4.0920000000000004e-25 0.0691
3 1 990.8997 1.8780000000000002e-25 0.066
3 1 990.9427 6.426e-25 0.0702
3 2 990.98189 4.42e-25 0.0696
3 1 991.0512 1.2460000000000001e-25 0.0693
3 1 991.0948 7.412000000000001e-26 0.07
3 1 991.1388 2.1209999999999998e-23 0.0779
3 1 991.1811 4.644000000000001e-25 0.0678
3 1 991.2279 1.619e-24 0.0737
3 1 991.2824 1.2560000000000001e-25 0.0785
3 4 991.3307 1.231e-25 0.0707
3 1 991.3707 5.459e-25 0.0742
3 4 991.399 5.279000000000001e-25 0.0706
3 1 991.4368 1.873e-25 0.0658
3 1 991.475519 3.771e-24 0.0737
3 1 991.530886 6.348e-25 0.0779
3 1 991.5768 1.3139999999999999e-23 0.0827
3 2 991.59997 1.935e-23 0.0663
3 1 991.656 6.482e-25 0.0699
3 1 991.717 1.8870000000000002e-25 0.066
3 1 991.761594 9.366e-23 0.073
3 1 991.8163 1.2649999999999999e-24 0.073
3 1 991.8579 1.4980000000000001e-25 0.07
3 1 991.887 7.398e-25 0.0726
3 1 991.9172 1.112e-25 0.07
3 1 991.9676 6.117000000000001e-26 0.0755
3 1 992.0218 7.397999999999999e-24 0.0843
3 1 992.0585 6.112e-25 0.086
3 1 992.1158 1.541e-25 0.0785
3 1 992.1593 1.112e-23 0.0744
3 1 992.186664 7.751e-25 0.0774
3 2 992.23708 8.76e-24 0.0713
3 1 992.2751 8.2540000000000005e-25 0.0655
3 1 992.317 1.6580000000000001e-25 0.0737
3 1 992.373146 2.436e-22 0.0745
3 1 992.4236 5.141e-25 0.0851
3 1 992.4602 2.6400000000000003e-25 0.066
3 1 992.4911 1.557e-23 0.0792
3 2 992.51884 5.694e-24 0.0718
3 1 992.5605 2.146e-25 0.07
3 1 992.6037 1.375e-25 0.0676
3 1 992.637 1.539e-25 0.0736
3 1 992.6896 2.6e-25 0.0711
3 1 992.728343 6.885e-23 0.0737
3 1 992.759 2.492e-24 0.0869
3 1 992.8041 4.935e-25 0.0706
3 1 992.8344 1.461e-25 0.0747
3 3 992.8745 2.423e-25 0.0747
3 1 992.9267 3.4730000000000003e-25 0.0709
3 1 992.9688 4.222e-25 0.0687
3 1 993.0196 4.153e-25 0.07
3 1 993.065 1.7370000000000001e-25 0.0725
3 1 993.1124 1.296e-24 0.0699
3 1 993.152 2.055e-23 0.0792
3 1 993.1824 1.3340000000000001e-25 0.0718
3 1 993.2273 3.581e-25 0.073
3 1 993.2688 4.3100000000000004e-26 0.0695
3 1 993.3188 1.775e-25 0.0723
3 1 993.3631 9.910000000000001e-25 0.0721
3 1 993.4002 1.0889999999999999e-23 0.0842
3 1 993.4213 4.502e-25 0.066
3 1 993.4562 3.75e-25 0.0666
3 1 993.482 1.3190000000000002e-25 0.0736
3 1 993.5393 1.494e-24 0.0699
3 4 993.5772 9.904e-25 0.0706
3 1 993.6216 9.242000000000001e-26 0.0741
3 1 993.6631 9.585e-26 0.0758
3 1 993.7006 9.525e-24 0.0805
3 1 993.746038 4.366e-22 0.0685
3 1 993.7977 2.634e-25 0.0695
3 1 993.826 7.254000000000001e-25 0.066
3 1 993.8694 5.536000000000001e-26 0.0715
3 4 993.9016 1.375e-24 0.0704
3 1 993.9471 3.208e-25 0.0779
3 1 993.9752 1.529e-25 0.0656
3 4 994.0081 2.385e-24 0.0661
3 1 994.0543 5.339e-24 0.0767
3 1 994.1011 1.295e-24 0.0827
3 1 994.149284 7.549e-23 0.0715
3 1 994.1915 2.09e-25 0.0758
3 1 994.2348 4.025e-24 0.0802
3 1 994.2797 8.552e-25 0.0767
3 1 994.3093 2.0530000000000002e-25 0.0666
3 1 994.3363 2.953e-25 0.0721
3 1 994.3813 1.349e-24 0.0702
3 1 994.4084 7.878000000000001e-25 0.0704
3 4 994.4503 1.7400000000000001e-25 0.0713
3 1 994.4862 6.786e-25 0.066
3 3 994.5263 2.788e-24 0.0819
3 4 994.5727 3.163e-25 0.0718
3 1 994.6179 2.385e-24 0.0835
3 1 994.6564 2.531e-24 0.0835
3 1 994.7009 2.5209999999999998e-23 0.0798
3 1 994.7288 1.184e-25 0.0727
3 3 994.7691 4.2689999999999997e-23 0.0798
3 1 994.8241 6.721e-25 0.0709
3 1 994.8694 7.025e-25 0.0792
3 1 994.908515 1.18e-22 0.0805
3 1 994.952552 6.998999999999999e-23 0.0812
3 4 994.9979 9.481e-25 0.0709
3 1 995.0425 5.943000000000001e-25 0.066
3 3 995.087 2.635e-25 0.064
3 1 995.1235 3.013e-25 0.0662
3 1 995.1541 9.625000000000001e-25 0.0771
3 1 995.1891 2.8360000000000002e-25 0.0758
3 1 995.2333 6.271e-24 0.0684
3 4 995.2739 2.712e-24 0.0664
3 2 995.32349 1.82e-23 0.0715
3 1 995.3657 1.688e-25 0.0708
3 1 995.4051 2.559e-25 0.0662
3 1 995.4445 7.113e-25 0.0785
3 1 995.4789 2.081e-23 0.0763
3 1 995.5168 1.668e-25 0.0827
3 1 995.548 2.717e-25 0.0843
3 1 995.5882 1.99e-23 0.0827
3 1 995.6273 6.767e-24 0.0819
3 4 995.6834 1.856e-24 0.0706
3 2 995.72284 1.633e-24 0.0733
3 1 995.754536 1.6569999999999998e-22 0.0777
3 1 995.7846 5.082e-24 0.0812
3 1 995.836771 6.4699999999999995e-22 0.0705
3 1 995.8899 1.8150000000000001e-25 0.0753
3 3 995.9239 3.885e-25 0.0678
3 1 995.9537 7.782000000000001e-26 0.0695
3 1 995.996945 3.9469999999999997e-22 0.0758
3 1 996.0263 1.569e-24 0.0798
3 1 996.0555 2.136e-25 0.0742
3 1 996.1233 2.57e-24 0.0812
3 2 996.16603 2.3489999999999999e-23 0.0715
3 1 996.199 2.934e-24 0.079
3 1 996.244 7.034e-25 0.0851
3 1 996.2822 1.775e-24 0.0773
3 1 996.3148 4.3499999999999997e-23 0.078
3 1 996.3646 5.916000000000001e-25 0.0709
3 1 996.3938 3.837e-25 0.0763
3 4 996.4394 1.067e-25 0.0696
3 1 996.4894 3.467e-23 0.0805
3 1 996.543 8.133e-25 0.0779
3 1 996.5765 3.856e-25 0.0774
3 1 996.6212 3.375e-25 0.0654
3 4 996.6637 2.481e-24 0.0706
3 1 996.7012 7.893000000000001e-25 0.0695
3 1 996.7494 9.176000000000001e-26 0.074
3 1 996.7855 4.827e-25 0.0796
3 4 996.8236 3.577e-25 0.0711
3 1 996.8448 4.63e-24 0.0819
3 2 996.88185 1.043e-24 0.0706
3 1 996.917 5.0040000000000005e-25 0.0774
3 2 996.9509 1.027e-23 0.0726
3 1 996.9925 2.453e-25 0.0741
3 1 997.021 1.952e-25 0.0697
3 1 997.043766 1.313e-25 0.0687
3 1 997.0894 1.237e-25 0.0753
3 1 997.1201 3.875e-24 0.0812
3 1 997.1611 7.2860000000000005e-25 0.0684
3 1 997.1959 1.952e-24 0.0696
3 1 997.2558 2.149e-24 0.079
3 1 997.298743 3.621e-21 0.0717
3 3 997.3374 7.962e-25 0.0692
3 1 997.3773 2.413e-25 0.0798
3 2 997.41579 2.76e-23 0.0718
3 3 997.4657 6.096e-23 0.0812
3 1 997.5118 4.1929999999999997e-22 0.0763
3 3 997.5415 1.298e-24 0.0693
3 1 997.5785 1.7e-25 0.0714
3 2 997.60733 1.78e-24 0.0741
3 4 997.657 2.423e-25 0.0715
3 1 997.6875 2.207e-25 0.0702
3 1 997.7126 5.513e-24 0.0707
3 1 997.7496 9.036e-24 0.0831
3 1 997.7978 3.386e-26 0.07
3 1 997.851 1.364e-25 0.0774
3 1 997.8736 9.765999999999999e-23 0.0827
3 1 997.8998 1.835e-24 0.0779
3 1 997.9347 2.659e-24 0.0881
3 4 997.9776 1.808e-24 0.0711
3 3 998.0084 6.019e-24 0.0622
3 1 998.0514 4.13e-23 0.0791
3 1 998.0836 1.177e-25 0.0696
3 1 998.1128 1.295e-25 0.0718
3 1 998.1466 1.211e-25 0.0673
3 1 998.2076 1.414e-23 0.0843
3 1 998.2404 6.009000000000001e-26 0.0706
3 1 998.2747 2.112e-25 0.0691
3 1 998.3141 8.627e-25 0.0673
3 1 998.345865 2.6889999999999996e-23 0.0737
3 1 998.3946 5.9950000000000005e-25 0.0812
3 1 998.4472 2.636e-25 0.0727
3 1 998.4797 1.2649999999999999e-24 0.0801
3 3 998.51 1.144e-23 0.0835
3 4 998.5418 2.529e-25 0.0723
3 1 998.5705 1.3019999999999999e-23 0.0773
3 1 998.5936 1.129e-25 0.0718
3 1 998.6257 1.509e-25 0.074
3 1 998.6579 1.011e-25 0.073
3 1 998.6923 4.071e-25 0.0749
3 1 998.7271 2.8160000000000003e-25 0.0733
3 1 998.7679 1.177e-24 0.0836
3 1 998.8167 1.786e-24 0.0722
3 1 998.8509 1.442e-25 0.0733
3 1 998.8994 2.22e-23 0.0768
3 2 998.94414 1.115e-24 0.0753
3 1 998.968264 2.4379999999999996e-22 0.0779
3 4 999.0059 3.885e-24 0.0672
3 1 999.0574 1.4130000000000001e-25 0.0706
3 1 999.1129 5.651e-24 0.0657
3 1 999.1411 1.747e-25 0.0734
3 1 999.170271 1.0789999999999999e-22 0.0835
3 1 999.202093 1.6459999999999998e-22 0.0723
3 1 999.2473 2.355e-24 0.0877
3 4 999.302 7.683e-25 0.0723
3 1 999.3473 1.363e-25 0.0699
3 1 999.3819 5.622e-24 0.086
3 1 999.4201 1.247e-22 0.0835
3 1 999.4606 2.614e-23 0.0801
3 3 999.4912 7.730999999999999e-24 0.064
3 1 999.536962 3.222e-25 0.0733
3 1 999.5567 7.560000000000001e-25 0.0706
3 1 999.5834 1.2569999999999999e-22 0.0758
3 1 999.6145 1.694e-24 0.0751
3 1 999.654171 2.418e-24 0.0723
3 1 999.683873 1.3679999999999998e-22 0.0809
3 1 999.71605 1.299e-25 0.066
3 1 999.7508 1.8050000000000002e-25 0.0661
3 2 999.78582 3.1420000000000003e-25 0.0766
3 4 999.8271 2.5e-24 0.0713
3 3 999.8597 2.038e-24 0.0702
3 1 999.9 3.679e-25 0.0741
3 1 999.9495 3.267e-25 0.073
3 1 999.9958 1.129e-25 0.0755
3 1 1000.0321 4.746e-24 0.0785
3 1 1000.0726 2.0660000000000001e-25 0.0662
3 1 1000.118131 9.624999999999999e-23 0.0843
3 1 1000.1447 8.69e-24 0.0706
3 1 1000.181164 3.088e-25 0.0819
3 1 1000.2233 1.218e-25 0.065
3 2 1000.27226 2.369e-23 0.073
3 1 1000.3087 6.173e-25 0.0681
3 1 1000.3489 7.328e-25 0.071
3 4 1000.3979 2.99e-24 0.0713
3 3 1000.4284 2.2689999999999998e-23 0.0843
3 3 1000.4817 1.231e-23 0.0657
3 1 1000.509 9.311e-26 0.0702
3 1 1000.5531 1.207e-24 0.0805
3 1 1000.6042 5.446e-25 0.0773
3 1 1000.6521 2.289e-25 0.0653
3 1 1000.6885 3.9240000000000004e-25 0.073
3 1 1000.7215 2.796e-25 0.0723
3 1 1000.7718 1.796e-24 0.0753
3 1 1000.807924 1.0379999999999999e-22 0.0733
3 1 1000.8498 3.7710000000000003e-25 0.0719
3 3 1000.8897 1.077e-24 0.071
3 1 1000.9262 4.016e-24 0.0667
3 1 1000.966 2.413e-24 0.0758
3 1 1001.0088 1.492e-24 0.077
3 1 1001.0617 5.49e-24 0.0716
3 1 1001.0904 1.442e-24 0.0763
3 3 1001.1431 7.788e-25 0.0713
3 1 1001.186 3.7770000000000003e-25 0.0845
3 2 1001.21631 3.301e-23 0.073
3 3 1001.2665 4.654e-23 0.0843
3 4 1001.3104 4.308e-24 0.0713
3 1 1001.3441 3.16e-24 0.0678
3 1 1001.3731 2.336e-24 0.0767
3 1 1001.4222 1.677e-25 0.0704
3 1 1001.4542 1.775e-25 0.0779
3 3 1001.4903 9.365e-25 0.0717
3 1 1001.5309 3.9730000000000002e-25 0.0718
3 1 1001.575017 7.344e-23 0.0774
3 1 1001.614574 1.4980000000000001e-25 0.0712
3 1 1001.6487 5.138e-24 0.0779
3 1 1001.6902 4.603e-25 0.067
3 1 1001.7303 1.2430000000000002e-25 0.0835
3 1 1001.7657 3.11e-25 0.0758
3 2 1001.80752 2.1779999999999998e-23 0.0737
3 2 1001.86662 3.054e-23 0.0733
3 1 1001.9024 4.737e-25 0.0709
3 1 1001.9538 4.21e-26 0.0773
3 1 1001.9938 8.497000000000001e-26 0.0689
3 1 1002.0168 7.802000000000001e-26 0.0658
3 1 1002.0591 6.701e-25 0.0741
3 1 1002.1076 3.042e-25 0.0662
3 1 1002.143 6.116e-23 0.0707
3 1 1002.1749 4.5230000000000006e-26 0.0727
3 1 1002.2069 6.837000000000001e-26 0.0812
3 1 1002.2306 7.586e-24 0.0796
3 1 1002.262 1.084e-23 0.0707
3 1 1002.3076 3.164e-24 0.0737
3 1 1002.345 9.373000000000001e-26 0.0723
3 1 1002.3906 8.858e-24 0.076
3 1 1002.4242 3.63e-24 0.0763
3 1 1002.4624 8.544000000000001e-26 0.07
3 1 1002.4979 7.647e-24 0.0713
3 1 1002.5201 1.195e-25 0.0764
3 1 1002.5646 9.517e-26 0.0718
3 1 1002.5916 7.262000000000001e-26 0.07
3 4 1002.6288 2.6540000000000003e-25 0.0708
3 1 1002.6626 4.614e-25 0.0733
3 1 1002.7005 5.965e-24 0.0765
3 1 1002.732374 7.915e-22 0.0742
3 1 1002.7763 1.541e-25 0.0709
3 1 1002.8074 1.471e-25 0.0725
3 1 1002.8548 4.6899999999999996e-24 0.0734
3 1 1002.8819 1.238e-23 0.0767
3 1 1002.9169 2.6e-24 0.0717
3 1 1002.95486 6.821e-21 0.0714
3 1 1002.9972 6.814000000000001e-26 0.0744
3 1 1003.0382 5.308e-24 0.0723
3 1 1003.0866 1.628e-25 0.0766
3 1 1003.127532 2.746e-22 0.0725
3 1 1003.1675 9.790000000000001e-26 0.066
3 1 1003.2126 3.054e-23 0.0775
3 1 1003.2601 2.69e-23 0.0784
3 1 1003.2939 2.364e-25 0.0721
3 1 1003.3264 4.925e-24 0.0758
3 1 1003.3669 7.073999999999999e-22 0.0753
3 1 1003.4011 2.717e-25 0.0779
3 1 1003.4474 2.57e-25 0.0768
3 3 1003.4781 2.8649999999999998e-24 0.0709
3 1 1003.5095 8.28e-24 0.072
3 1 1003.5323 2.629e-25 0.0713
3 1 1003.575262 3.816e-23 0.0754
3 1 1003.6263 4.5180000000000006e-26 0.07
3 1 1003.6559 4.396e-25 0.0745
3 1 1003.689 1.069e-25 0.0704
3 1 1003.739 3.186e-26 0.07
3 1 1003.7633 3.0910000000000003e-26 0.0708
3 1 1003.8074 3.061e-25 0.0723
3 1 1003.8495 9.926000000000001e-25 0.0724
3 1 1003.8683 7.864000000000001e-25 0.0779
3 1 1003.9088 1.235e-23 0.0742
3 1 1003.9498 9.882e-25 0.074
3 1 1003.99237 1.7280000000000002e-25 0.066
3 1 1004.0137 5.044e-23 0.0878
3 2 1004.04127 1.414e-24 0.0774
3 1 1004.0819 4.446e-23 0.0807
3 1 1004.09611 4.296e-25 0.066
3 1 1004.1318 1.036e-24 0.0712
3 1 1004.1636 5.641000000000001e-25 0.0658
3 1 1004.222621 4.0379999999999997e-23 0.0691
3 1 1004.2566 3.417e-24 0.0706
3 1 1004.298 1.299e-23 0.0684
3 2 1004.34342 6.809e-24 0.0763
3 1 1004.3756 1.1409999999999999e-23 0.0689
3 4 1004.4163 3.702e-24 0.0723
3 1 1004.4526 2.64e-24 0.0835
3 1 1004.4871 4.572e-25 0.0744
3 2 1004.5195 1.696e-25 0.0695
3 1 1004.5559 3.0800000000000005e-26 0.0754
3 4 1004.6001 1.231e-25 0.0702
3 2 1004.63446 2.513e-24 0.0768
3 1 1004.6704 1.069e-24 0.0763
3 4 1004.7066 5.192e-24 0.0721
3 1 1004.7378 1.1379999999999999e-24 0.0723
3 1 1004.7801 1.148e-24 0.0727
3 1 1004.8207 8.757e-23 0.0819
3 1 1004.859358 5.692e-21 0.0715
3 1 1004.887418 1.7719999999999998e-22 0.0779
3 2 1004.90869 8.601e-25 0.0718
3 2 1004.9568 2.5369999999999998e-23 0.0749
3 1 1005.000949 3.44e-24 0.0678
3 1 1005.035 3.1e-24 0.0745
3 1 1005.0637 1.976e-23 0.0684
3 1 1005.1151 9.360000000000001e-26 0.0737
3 1 1005.1565 1.937e-25 0.0648
3 1 1005.1972 6.237e-26 0.0787
3 3 1005.2255 3.019e-23 0.0828
3 1 1005.2605 1.845e-24 0.073
3 1 1005.2955 2.262e-23 0.0767
3 1 1005.3453 2.059e-24 0.0718
3 1 1005.3891 2.453e-25 0.0702
3 3 1005.4199 4.058e-23 0.0741
3 1 1005.4492 1.455e-25 0.0656
3 2 1005.49184 1.5249999999999998e-23 0.0758
3 4 1005.5412 4.029e-24 0.0726
3 1 1005.5662 1.226e-25 0.0711
3 3 1005.618 2.1729999999999998e-23 0.0814
3 1 1005.653 3.816e-24 0.0737
3 1 1005.69116 6.751e-25 0.0678
3 1 1005.7334 1.854e-24 0.0798
3 1 1005.7665 2.129e-25 0.0706
3 1 1005.8285 4.572e-25 0.0764
3 1 1005.8742 6.369e-25 0.067
3 1 1005.9258 7.179e-24 0.0888
3 1 1005.9535 1.109e-23 0.0814
3 1 1005.9975 1.271e-24 0.0666
3 1 1006.0303 1.256e-23 0.0834
3 1 1006.055193 6.344e-21 0.0715
3 1 1006.0862 6.997000000000001e-26 0.0696
3 1 1006.1214 8.881e-26 0.078
3 1 1006.1694 1.677e-25 0.0709
3 2 1006.21062 2.122e-25 0.0695
3 1 1006.2427 4.599e-25 0.0652
3 1 1006.2822 7.478e-24 0.0701
3 1 1006.3172 1.099e-24 0.0726
3 1 1006.3569 9.448000000000001e-26 0.065
3 1 1006.385581 2.383e-21 0.0719
3 1 1006.4122 3.424e-24 0.0733
3 1 1006.4614 9.655000000000001e-26 0.0699
3 1 1006.4897 9.615000000000001e-25 0.0749
3 4 1006.5238 2.317e-24 0.0737
3 3 1006.5555 4.019e-24 0.079
3 2 1006.59327 1.0669999999999999e-23 0.0768
3 1 1006.6301 5.2e-24 0.0812
3 1 1006.6778 2.07e-25 0.0721
3 2 1006.71648 4.778e-25 0.0792
3 1 1006.743696 7.875e-21 0.0734
3 1 1006.8031 2.681e-24 0.0648
3 3 1006.8547 2.038e-23 0.0828
3 1 1006.9075 3.561e-25 0.0726
3 1 1006.9561 1.099e-25 0.0704
3 1 1006.9847 3.571e-24 0.0733
3 1 1007.0268 6.511e-24 0.0703
3 1 1007.04987 1.468e-25 0.0646
3 2 1007.08624 3.9819999999999995e-23 0.0753
3 4 1007.1131 5.135e-25 0.0749
3 1 1007.1524 1.665e-23 0.0855
3 3 1007.1902 1.067e-24 0.0738
3 1 1007.23225 3.521e-25 0.0653
3 1 1007.263252 8.612e-22 0.0733
3 1 1007.3062 1.226e-24 0.0746
3 1 1007.335 2.9929999999999998e-24 0.073
3 1 1007.3715 1.0799999999999999e-23 0.0819
3 1 1007.4354 6.163e-26 0.0697
3 1 1007.473255 2.412e-24 0.066
3 1 1007.5121 4.3660000000000005e-25 0.0662
3 1 1007.5469 1.129e-24 0.0661
3 1 1007.5891 2.641e-24 0.0704
3 1 1007.616337 6.015e-21 0.0736
3 4 1007.6541 6.067e-24 0.073
3 1 1007.703 6.4289999999999996e-24 0.0659
3 1 1007.7367 2.549e-24 0.0678
3 1 1007.767695 2.1620000000000003e-25 0.0679
3 2 1007.81063 5.2559999999999995e-23 0.0753
3 1 1007.8479 3.748e-25 0.0726
3 1 1007.89447 1.4020000000000002e-25 0.0646
3 4 1007.9512 1.769e-25 0.0711
3 1 1007.9777 4.935e-25 0.0706
3 1 1008.020368 1.868e-23 0.0684
3 1 1008.0514 1.543e-24 0.0681
3 1 1008.0969 1.02e-24 0.0737
3 1 1008.145394 1.856e-22 0.0749
3 1 1008.1841 5.533e-25 0.0697
3 1 1008.2258 1.635e-24 0.0696
3 1 1008.2669 1.125e-24 0.0658
3 1 1008.3144 6.07e-24 0.0877
3 4 1008.343 1.183e-24 0.0753
3 1 1008.3924 7.093e-25 0.0707
3 1 1008.419867 7.757e-21 0.0727
3 3 1008.4562 1.125e-23 0.0884
3 1 1008.4946 9.811000000000001e-26 0.0681
3 1 1008.5171 1.81e-24 0.0664
3 1 1008.5499 1.8030000000000002e-25 0.0773
3 2 1008.6094 3.496e-23 0.0763
3 2 1008.65672 4.2210000000000006e-26 0.0684
3 1 1008.6905 1.295e-24 0.0758
3 4 1008.7236 2.577e-24 0.0745
3 2 1008.76737 5.3360000000000005e-25 0.0711
3 2 1008.79875 5.455e-23 0.0758
3 1 1008.8441 1.166e-23 0.0706
3 1 1008.9074 5.354e-24 0.0753
3 4 1008.9604 5.24e-25 0.0758
3 1 1009.00672 2.3460000000000002e-25 0.0646
3 1 1009.0657 1.6610000000000001e-25 0.0745
3 1 1009.101131 9.643e-21 0.0734
3 1 1009.1412 1.6390000000000002e-25 0.0699
3 1 1009.1904 1.677e-25 0.0774
3 1 1009.24142 2.1680000000000003e-25 0.0646
3 3 1009.2795 7.596e-24 0.0872
3 4 1009.3037 7.827e-24 0.0733
3 1 1009.3468 1.011e-24 0.0758
3 3 1009.3945 1.567e-24 0.0784
3 1 1009.430553 2.332e-22 0.0851
3 1 1009.4573 9.249e-24 0.0667
3 2 1009.52138 1.394e-25 0.0696
3 2 1009.55672 3.07e-25 0.0699
3 1 1009.5965 7.396e-24 0.0716
3 1 1009.6339 2.9730000000000003e-25 0.073
3 1 1009.6757 1.723e-24 0.0774
3 1 1009.7247 5.219e-25 0.0723
3 2 1009.78543 5.256e-25 0.0802
3 1 1009.8206 1.8040000000000002e-25 0.074
3 1 1009.8492 1.452e-23 0.0798
3 1 1009.8788 1.354e-24 0.0709
3 1 1009.9077 2.644e-24 0.0821
3 4 1009.9484 5.346e-24 0.0741
3 3 1009.9966 1.1149999999999999e-23 0.0881
3 1 1010.053 4.876e-25 0.0697
3 1 1010.087 1.565e-23 0.0707
3 2 1010.10539 4.3009999999999996e-23 0.0768
3 1 1010.17 2.725e-25 0.0699
3 1 1010.209 6.766000000000001e-26 0.0725
3 4 1010.2602 5.433e-25 0.0753
3 1 1010.2842 2.64e-24 0.0758
3 2 1010.32889 8.2430000000000005e-25 0.0749
3 2 1010.37981 6.729999999999999e-23 0.074
3 4 1010.4102 2.135e-25 0.0721
3 1 1010.466 5.89e-25 0.078
3 1 1010.504445 1.209e-23 0.0682
3 4 1010.5443 1.2019999999999999e-24 0.0763
3 2 1010.59612 3.588e-23 0.0774
3 1 1010.6278 7.813999999999999e-22 0.0792
3 1 1010.6773 1.187e-25 0.0739
3 1 1010.7215 9.155e-24 0.0746
3 1 1010.7636 4.6010000000000006e-26 0.0711
3 1 1010.796974 1.794e-24 0.0668
3 1 1010.846675 5.85e-22 0.0774
3 1 1010.9001 2.4870000000000003e-25 0.0725
3 1 1010.9372 3.5540000000000004e-26 0.07
3 1 1010.989654 1.286e-24 0.0695
3 1 1011.0403 2.816e-24 0.0807
3 2 1011.08503 7.566000000000001e-25 0.0754
3 1 1011.1097 2.315e-25 0.0697
3 1 1011.1526 5.843e-24 0.0678
3 1 1011.1834 1.0270000000000001e-25 0.0721
3 2 1011.21221 3.528e-25 0.0702
3 1 1011.2551 1.469e-24 0.0745
3 1 1011.3161 2.862e-25 0.0758
3 1 1011.3599 3.1e-25 0.0707
3 1 1011.3923 1.433e-24 0.0709
3 1 1011.4255 1.81e-23 0.0851
3 1 1011.471202 6.078e-25 0.0679
3 1 1011.5234 9.436999999999999e-24 0.0724
3 1 1011.564 1.109e-23 0.0835
3 1 1011.6045 1.676e-25 0.0733
3 4 1011.6369 1.192e-24 0.0768
3 1 1011.6731 3.9740000000000003e-26 0.0697
3 1 1011.7043 2.773e-24 0.0775
3 1 1011.7573 4.877e-23 0.0684
3 1 1011.8052 3.079e-26 0.0749
3 1 1011.842931 1.198e-21 0.0686
3 1 1011.8732 1.803e-23 0.0714
3 1 1011.9216 4.634e-25 0.0697
3 1 1011.9537 1.67e-24 0.073
3 1 1011.97731 2.9980000000000002e-25 0.0646
3 1 1012.0155 1.4629999999999999e-24 0.0819
3 1 1012.0379 4.228e-25 0.0709
3 2 1012.06452 4.42e-23 0.0779
3 1 1012.1037 2.086e-23 0.0713
3 1 1012.140481 1e-24 0.0702
3 1 1012.184664 2.472e-24 0.0709
3 3 1012.2214 1.125e-25 0.0714
3 1 1012.2656 1.148e-24 0.0733
3 1 1012.309 8.534000000000001e-26 0.0723
3 1 1012.3556 1.005e-23 0.0666
3 1 1012.4029 2.763e-24 0.0835
3 1 1012.4382 3.0239999999999997e-23 0.0675
3 1 1012.4728 1.722e-24 0.0738
3 1 1012.5203 1.124e-24 0.0707
3 2 1012.55607 6.252e-24 0.0805
3 3 1012.593 3.442e-23 0.0858
3 1 1012.6241 1.497e-23 0.0722
3 4 1012.6644 1e-23 0.0742
3 1 1012.71056 1.4940000000000001e-25 0.0648
3 1 1012.742829 2.6e-22 0.0748
3 1 1012.785159 3.0619999999999998e-24 0.0668
3 2 1012.82869 4.062e-25 0.073
3 1 1012.87508 1.9030000000000001e-25 0.0646
3 1 1012.914585 6.608999999999999e-23 0.0784
3 1 1012.9645 8.85e-25 0.0652
3 1 1013.0063 4.41e-25 0.0728
3 2 1013.0326 4.261e-25 0.0734
3 1 1013.062 2.594e-24 0.0718
3 2 1013.0923 3.56e-25 0.0
3 1 1013.135 1.323e-24 0.073
3 1 1013.1856 8.85e-25 0.0703
3 2 1013.22831 4.38e-25 0.0738
3 3 1013.2819 1.423e-23 0.0843
3 1 1013.313326 4.77e-24 0.0709
3 1 1013.359382 2.383e-25 0.0646
3 1 1013.392015 1.457e-24 0.0812
3 2 1013.42646 5.216e-23 0.0785
3 1 1013.4801 1.679e-23 0.0696
3 1 1013.5155 4.164e-24 0.0706
3 1 1013.552948 1.8819999999999998e-24 0.0655
3 1 1013.5851 2.286e-25 0.0691
3 1 1013.6224 3.43e-26 0.07
3 1 1013.6651 3.097e-24 0.0792
3 1 1013.721117 6.272e-24 0.0679
3 1 1013.7642 1.04e-23 0.0758
3 2 1013.79748 4.858e-25 0.0
3 1 1013.8491 4.415e-25 0.0726
3 1 1013.873 9.989e-24 0.0681
3 1 1013.9241 4.543e-23 0.0692
3 2 1013.96792 1.505e-25 0.0
3 1 1013.9975 4.259e-25 0.0729
3 1 1014.0291 1.0310000000000001e-25 0.0701
3 1 1014.0724 1.9720000000000002e-25 0.0699
3 1 1014.1052 3.059e-24 0.0668
3 1 1014.1607 3.4269999999999997e-23 0.0695
3 1 1014.1917 4.237e-25 0.0711
3 1 1014.2381 2.286e-25 0.0703
3 1 1014.2852 1.7370000000000001e-25 0.0703
3 1 1014.3236 8.762999999999999e-24 0.0737
3 1 1014.351 5.938000000000001e-26 0.0689
3 4 1014.3989 2.529e-25 0.0792
3 2 1014.44654 3.3289999999999996e-23 0.0798
3 3 1014.4668 1.0870000000000001e-25 0.0704
3 2 1014.49559 2.15e-25 0.0775
3 1 1014.5315 1.008e-22 0.0827
3 1 1014.578 4.137e-23 0.0807
3 4 1014.6107 5.212e-24 0.0763
3 1 1014.6596 4.638e-23 0.0767
3 1 1014.711982 1.897e-20 0.0739
3 1 1014.757129 5.395e-21 0.0774
3 2 1014.79576 9.676000000000001e-26 0.0
3 2 1014.82607 2.222e-25 0.0
3 3 1014.8695 3.769e-23 0.0835
3 1 1014.9084 4.445e-25 0.0701
3 4 1014.941 1.183e-25 0.0718
3 3 1014.9712 6.0000000000000005e-25 0.0784
3 1 1015.009 3.38e-23 0.0836
3 3 1015.0519 4.827e-24 0.0779
3 2 1015.08557 1.422e-23 0.0812
3 2 1015.12721 4.739e-25 0.0744
3 1 1015.1743 9.788e-23 0.0855
3 1 1015.2219 1.697e-25 0.0696
3 2 1015.27094 6.331e-24 0.0819
3 1 1015.3025 1.036e-25 0.0726
3 1 1015.3291 4.28e-24 0.0729
3 1 1015.368507 2.337e-22 0.0837
3 1 1015.403713 6.849e-24 0.07
3 1 1015.4473 1.933e-25 0.0689
3 1 1015.4807 1.0200000000000001e-25 0.0697
3 2 1015.51507 8.442000000000001e-26 0.0
3 1 1015.5731 4.118e-24 0.0774
3 1 1015.60383 1.673e-25 0.0646
3 4 1015.6419 1.1059999999999999e-23 0.0758
3 1 1015.680024 5.1929999999999995e-22 0.0699
3 3 1015.7222 1.375e-23 0.0798
3 1 1015.759339 1.479e-24 0.0646
3 1 1015.790249 3.903e-24 0.0785
3 1 1015.8245 1.463e-25 0.0691
3 2 1015.86523 4.0219999999999997e-23 0.0805
3 1 1015.9008 3.24e-24 0.0736
3 1 1015.9331 4.029e-24 0.0733
3 4 1015.9606 9.337e-25 0.0792
3 2 1016.0071 1.1589999999999999e-23 0.0819
3 1 1016.0644 1.04e-25 0.0754
3 2 1016.10271 5.854e-25 0.0
3 1 1016.145 2.526e-25 0.073
3 1 1016.177041 2.92e-25 0.0647
3 1 1016.205722 6.183e-24 0.0699
3 2 1016.25758 4.898e-23 0.0805
3 1 1016.2847 1.444e-23 0.0768
3 1 1016.3242 1.123e-24 0.0736
3 1 1016.364835 1.846e-23 0.063
3 1 1016.414412 1.5419999999999998e-22 0.0812
3 1 1016.467043 4.184e-24 0.0706
3 1 1016.5248 3.063e-25 0.0755
3 1 1016.572048 1.2309999999999999e-22 0.0805
3 2 1016.61533 3.385e-25 0.0
3 1 1016.6528 1.549e-23 0.0798
3 1 1016.6765 1.679e-25 0.0693
3 1 1016.7157 9.925000000000001e-26 0.0695
3 1 1016.7753 2.824e-24 0.0753
3 1 1016.8062 1.239e-24 0.0808
3 2 1016.83697 1.099e-24 0.0
3 2 1016.86572 1.238e-24 0.0
3 1 1016.9116 5.887e-23 0.0704
3 1 1016.947319 2.18e-20 0.0749
3 1 1016.9788 1.165e-23 0.0677
3 1 1017.008053 4.471e-24 0.0652
3 1 1017.036919 7.088e-24 0.0721
3 3 1017.0787 1.615e-23 0.0785
3 1 1017.1375 8.992000000000001e-26 0.0693
3 4 1017.1861 1.654e-24 0.0792
3 1 1017.2091 7.444e-24 0.072
3 1 1017.238 3.561e-25 0.0697
3 2 1017.29014 1.951e-25 0.0
3 1 1017.3378 3.737e-26 0.0703
3 1 1017.379026 6.493e-24 0.0708
3 1 1017.4276 1.4030000000000002e-25 0.07
3 2 1017.47975 5.495e-23 0.0812
3 1 1017.524985 8.884e-23 0.0785
3 4 1017.5502 1.096e-23 0.0768
3 3 1017.5889 1.231e-23 0.0774
3 1 1017.6359 2.4870000000000003e-25 0.0752
3 1 1017.6731 3.0949999999999996e-23 0.0805
3 2 1017.71718 6.73e-26 0.0
3 1 1017.7489 1.099e-23 0.0733
3 1 1017.8067 1.814e-24 0.0718
3 1 1017.8514 1.196e-25 0.0697
3 2 1017.89033 3.273e-25 0.0704
3 1 1017.9393 4.4380000000000003e-26 0.0802
3 1 1017.9791 2.561e-25 0.0693
3 1 1018.0135 7.202e-24 0.073
3 1 1018.0535 3.2020000000000005e-26 0.0706
3 1 1018.0866 3.826e-25 0.0713
3 2 1018.11748 2.923e-25 0.0
3 1 1018.1499 2.565e-24 0.0714
3 1 1018.1832 9.951000000000001e-26 0.07
3 4 1018.2303 9.808e-24 0.0774
3 2 1018.25596 1.573e-24 0.0
3 1 1018.307254 1.7639999999999997e-22 0.0756
3 1 1018.3485 1.065e-23 0.0727
3 1 1018.383456 9.406e-22 0.0803
3 2 1018.44297 5.654e-24 0.079
3 1 1018.4726 1.3649999999999999e-22 0.0773
3 3 1018.5255 6.558e-23 0.0805
3 1 1018.5686 6.652e-24 0.0726
3 1 1018.61 7.267e-24 0.0787
3 1 1018.6445 1.109e-25 0.0689
3 3 1018.6992 1.346e-24 0.0749
3 3 1018.7223 6.942e-23 0.08
3 1 1018.771435 1.531e-23 0.067
3 1 1018.8036 1.5600000000000002e-25 0.0682
3 3 1018.8613 1.269e-23 0.0763
3 2 1018.89907 2.783e-25 0.0
3 1 1018.954528 7.923e-24 0.0718
3 2 1019.00431 1.517e-24 0.0
3 1 1019.0286 3.181e-23 0.0712
3 1 1019.0944 4.144e-24 0.0745
3 1 1019.1263 1.3189999999999998e-22 0.0779
3 1 1019.1568 6.141e-24 0.0723
3 1 1019.198346 9.381e-23 0.0493
3 2 1019.23368 1.151e-24 0.0
3 1 1019.2855 2.2399999999999998e-23 0.0779
3 2 1019.31405 2.23e-24 0.0
3 2 1019.34616 7.884000000000001e-25 0.0
3 2 1019.39113 2.588e-24 0.0
3 3 1019.4405 1.154e-24 0.0723
3 1 1019.4809 5.0620000000000004e-26 0.0729
3 1 1019.5233 6.17e-23 0.086
3 1 1019.5557 7.06e-25 0.0767
3 1 1019.6155 2.09e-24 0.0749
3 3 1019.6519 3.8649999999999995e-23 0.0779
3 1 1019.683125 6.654999999999999e-23 0.0633
3 1 1019.7246 4.7690000000000004e-26 0.0686
3 2 1019.7788 4.659e-24 0.0781
3 1 1019.8148 4.2450000000000006e-26 0.0682
3 2 1019.83492 7.007999999999999e-24 0.079
3 2 1019.88488 8.004e-24 0.0796
3 1 1019.9104 1.284e-22 0.086
3 1 1019.955802 8.233e-24 0.0729
3 1 1019.9955 5.242000000000001e-26 0.0678
3 1 1020.0523 6.691e-25 0.0704
3 3 1020.0954 1.2399999999999999e-23 0.0753
3 2 1020.12559 3.851e-24 0.0
3 1 1020.167 6.442e-24 0.0768
3 1 1020.207 6.317e-26 0.0696
3 1 1020.2406 1.265e-25 0.0706
3 1 1020.284447 1.7389999999999998e-22 0.0776
3 1 1020.3381 9.939e-23 0.0706
3 1 1020.379121 2.1229999999999998e-23 0.075
3 1 1020.4272 6.637e-23 0.0753
3 3 1020.4566 7.249999999999999e-23 0.0758
3 2 1020.49628 5.734e-25 0.0
3 1 1020.5268 1.036e-25 0.0697
3 1 1020.5637 1.851e-25 0.0812
3 1 1020.5876 3.536e-26 0.0714
3 1 1020.6397 6.632e-24 0.0715
3 1 1020.6786 1.7719999999999998e-22 0.0851
3 1 1020.7238 5.721e-26 0.0773
3 1 1020.7678 4.641e-24 0.0715
3 1 1020.8097 4.804e-25 0.0706
3 1 1020.8525 4.1330000000000006e-26 0.0734
3 1 1020.8958 8.409000000000001e-26 0.07
3 1 1020.9313 1.611e-25 0.0704
3 3 1020.9634 3.827e-23 0.0768
3 2 1021.00067 1.175e-24 0.0
3 3 1021.0421 1.058e-24 0.0723
3 1 1021.0837 1.683e-23 0.0758
3 1 1021.128469 1.5579999999999999e-22 0.0763
3 1 1021.164929 3.002e-23 0.0707
3 1 1021.2077 4.156e-25 0.0755
3 1 1021.24688 8.382000000000001e-21 0.0805
3 1 1021.2754 6.024e-24 0.0708
3 1 1021.3215 8.875000000000001e-26 0.07
3 1 1021.3577 1.8940000000000001e-25 0.0702
3 1 1021.4118 4.474e-25 0.0701
3 1 1021.4383 2.191e-22 0.0843
3 1 1021.457484 1.1369999999999998e-22 0.0802
3 2 1021.4953 5.2559999999999995e-23 0.0819
3 1 1021.5217 2.24e-24 0.0734
3 1 1021.5633 1.591e-23 0.0812
3 1 1021.5989 1.146e-24 0.0768
3 1 1021.6324 2.158e-24 0.0792
3 1 1021.6779 1.261e-25 0.0686
3 1 1021.7164 8.134e-24 0.0741
3 1 1021.7458 6.246000000000001e-25 0.0699
3 1 1021.784617 2.392e-25 0.0744
3 2 1021.83646 1.37e-25 0.0709
3 1 1021.869843 2.946e-25 0.0682
3 1 1021.9175 2.876e-24 0.0709
3 1 1021.9527 2.633e-25 0.069
3 1 1021.9818 1.668e-24 0.0718
3 1 1022.0189 1.794e-25 0.0732
3 1 1022.0678 4.836e-24 0.0703
3 1 1022.1035 1.7489999999999997e-22 0.0784
3 2 1022.12484 1.147e-23 0.079
3 2 1022.16137 4.101e-23 0.0851
3 1 1022.1907 3.788e-24 0.0664
3 1 1022.2257 1.8960000000000001e-25 0.0691
3 1 1022.2545 1.575e-23 0.0749
3 1 1022.2906 5.588e-26 0.0683
3 1 1022.3149 1.989e-23 0.0768
3 2 1022.34975 8.8e-25 0.0716
3 1 1022.36704 7.602e-24 0.0737
3 1 1022.3998 1.0320000000000001e-25 0.0734
3 1 1022.4382 1.627e-23 0.0744
3 1 1022.472 2.2669999999999996e-22 0.0796
3 1 1022.512138 1.595e-23 0.066
3 1 1022.537 2.764e-25 0.0703
3 1 1022.5819 3.617e-23 0.0763
3 3 1022.6184 6.615e-23 0.0734
3 4 1022.6577 1.231e-23 0.0798
3 1 1022.7015 9.820000000000001e-26 0.067
3 1 1022.7371 2.107e-25 0.0691
3 2 1022.78234 1.788e-24 0.0
3 1 1022.8225 3.816e-24 0.0698
3 3 1022.855 2.077e-23 0.0745
3 1 1022.9009 5.677000000000001e-26 0.068
3 1 1022.9347 1.206e-25 0.0673
3 2 1022.98645 7.725e-24 0.0767
3 2 1023.01782 3.5079999999999996e-23 0.086
3 1 1023.045 5.0040000000000005e-25 0.0774
3 1 1023.0846 4.908e-24 0.0737
3 1 1023.117411 1.0569999999999999e-22 0.0784
3 4 1023.1592 1.183e-25 0.066
3 1 1023.196541 7.061e-23 0.0729
3 1 1023.2289 9.642e-25 0.0705
3 1 1023.273111 7.867000000000001e-25 0.0851
3 2 1023.31628 6.451e-26 0.0
3 1 1023.3568 9.910000000000001e-26 0.07
3 2 1023.40266 1.633e-23 0.0801
3 1 1023.4586 3.8039999999999997e-23 0.0723
3 1 1023.4965 1.4279999999999999e-22 0.0746
3 2 1023.53103 8.561e-25 0.0814
3 1 1023.579 3.839e-25 0.0731
3 2 1023.62434 1.139e-23 0.0784
3 3 1023.6706 3.346e-24 0.0718
3 2 1023.69004 7.446e-24 0.0767
3 1 1023.724521 2.213e-22 0.0725
3 1 1023.751251 1.887e-24 0.0698
3 1 1023.7862 1.117e-24 0.0709
3 1 1023.818 3.611e-23 0.0714
3 2 1023.86403 2.827e-23 0.0869
3 1 1023.9079 2.792e-22 0.0864
3 1 1023.958621 4.854e-22 0.0823
3 1 1023.991 1.067e-25 0.0725
3 3 1024.027 1.875e-23 0.0737
3 1 1024.0714 4.473e-25 0.0703
3 3 1024.1024 2.5189999999999997e-23 0.0741
3 3 1024.1201 1.5670000000000002e-25 0.0704
3 2 1024.16351 1.7280000000000002e-25 0.0695
3 1 1024.2032 1.482e-24 0.0702
3 1 1024.2702 1.314e-25 0.0681
3 2 1024.31035 1.099e-23 0.0784
3 1 1024.3601 1.2709999999999998e-22 0.0738
3 4 1024.4093 1.048e-23 0.0812
3 4 1024.4382 2.856e-24 0.0827
3 1 1024.467306 3.162e-23 0.0658
3 1 1024.5011 4.594e-25 0.0707
3 1 1024.5622 1.0749999999999999e-24 0.0713
3 1 1024.6043 5.497e-23 0.0726
3 1 1024.6498 3.055e-24 0.0767
3 3 1024.6824 3.096e-23 0.0741
3 1 1024.716387 2.873e-22 0.0805
3 1 1024.7522 6.933e-23 0.0677
3 1 1024.8022 1.177e-24 0.078
3 1 1024.8401 3.409e-25 0.0701
3 1 1024.8678 7.951e-24 0.0733
3 1 1024.915 3.064e-23 0.0745
3 4 1024.9662 1.202e-25 0.066
3 4 1024.994 1.26e-23 0.0785
3 4 1025.0303 8.404e-24 0.0819
3 1 1025.0725 5.059e-23 0.0723
3 1 1025.1132 1.118e-24 0.07
3 1 1025.1562 2.679e-23 0.0785
3 1 1025.200612 1.0760000000000001e-20 0.0819
3 2 1025.23682 3.225e-25 0.0734
3 1 1025.272911 2.288e-22 0.089
3 1 1025.3252 6.669e-26 0.0689
3 1 1025.3647 8.756000000000001e-26 0.0684
3 1 1025.4043 1.457e-25 0.0706
3 1 1025.44759 3.418e-25 0.0794
3 1 1025.4966 2.03e-24 0.0701
3 2 1025.52552 1.1629999999999999e-23 0.0888
3 1 1025.5717 1.237e-25 0.07
3 1 1025.6108 1.324e-24 0.07
3 1 1025.6881 7.186e-24 0.0704
3 4 1025.7151 1.712e-25 0.066
3 2 1025.75966 1.358e-24 0.0
3 1 1025.792 1.9259999999999998e-23 0.0733
3 1 1025.8303 3.25e-23 0.0738
3 1 1025.8638 1.8860000000000002e-25 0.0686
3 1 1025.8965 3.8660000000000004e-26 0.0703
3 3 1025.9368 4.481e-23 0.0698
3 1 1025.9832 1.075e-25 0.0699
3 1 1026.0256 1.131e-25 0.0731
3 2 1026.07132 2.8029999999999997e-23 0.0836
3 1 1026.136707 1.167e-24 0.0679
3 1 1026.1689 4.865e-23 0.0877
3 1 1026.2123 6.5549999999999996e-24 0.0718
3 3 1026.2643 3.596e-24 0.0711
3 4 1026.2968 1.038e-24 0.0779
3 1 1026.3307 9.475e-24 0.076
3 1 1026.3852 9.303e-26 0.0697
3 1 1026.4218 3.8169999999999997e-23 0.0715
3 1 1026.4588 3.6300000000000003e-25 0.0682
3 2 1026.48241 6.053e-26 0.0787
3 2 1026.52418 5.495e-25 0.0794
3 2 1026.55858 2.23e-25 0.0697
3 1 1026.584711 5.007999999999999e-22 0.0747
3 1 1026.610906 1.9209999999999998e-22 0.0671
3 2 1026.6465 2.664e-23 0.0845
3 1 1026.6983 6.916000000000001e-25 0.0766
3 1 1026.7327 4.884e-25 0.07
3 1 1026.7722 4.626e-25 0.0718
3 1 1026.8046 4.48e-24 0.076
3 1 1026.8334 1.52e-25 0.0704
3 1 1026.8594 6.426e-23 0.0711
3 3 1026.8856 4.5379999999999996e-23 0.073
3 4 1026.915 6.856e-25 0.066
3 2 1026.94095 1.6839999999999998e-23 0.0836
3 2 1026.99468 2.027e-25 0.0722
3 2 1027.02331 3.6320000000000003e-25 0.0
3 1 1027.0534 2.0849999999999998e-24 0.068
3 3 1027.0835 8.231e-24 0.0715
3 1 1027.111337 2.878e-23 0.0656
3 2 1027.13497 5.9730000000000005e-25 0.072
3 2 1027.19449 2.56e-24 0.0877
3 1 1027.2277 2.6650000000000003e-25 0.0812
3 1 1027.2644 1.4419999999999998e-23 0.0711
3 1 1027.326319 1.255e-24 0.0705
3 1 1027.382574 4.852e-21 0.082
3 1 1027.4198 1.989e-23 0.0707
3 1 1027.4531 5.684e-24 0.0754
3 4 1027.4918 9.192e-25 0.066
3 1 1027.5331 4.411e-25 0.0729
3 1 1027.5816 7.876000000000001e-25 0.0697
3 1 1027.619586 7.300999999999999e-22 0.0749
3 1 1027.6533 2.413e-25 0.0686
3 2 1027.68182 4.619e-26 0.0687
3 1 1027.7246 2.732e-23 0.0733
3 4 1027.76 1.404e-24 0.0851
3 1 1027.7913 1.5019999999999998e-23 0.0711
3 1 1027.8356 7.430000000000001e-26 0.0721
3 2 1027.87301 1.6289999999999998e-23 0.0898
3 1 1027.9126 1.3949999999999998e-23 0.0721
3 3 1027.9485 5.058e-25 0.0699
3 1 1027.9843 3.6609999999999997e-23 0.0711
3 1 1028.03 3.73e-25 0.0727
3 4 1028.0655 5.269e-25 0.066
3 2 1028.09864 1.422e-25 0.0725
3 1 1028.1399 3.418e-25 0.0723
3 4 1028.1777 4.712e-25 0.066
3 1 1028.204206 4.2859999999999995e-22 0.0779
3 1 1028.2299 3.1590000000000002e-25 0.0683
3 1 1028.2712 2.003e-23 0.0821
3 4 1028.3061 9.048e-25 0.066
3 1 1028.3571 8.809e-24 0.0718
3 1 1028.3897 1.27e-23 0.0718
3 2 1028.43839 3.2569999999999998e-24 0.089
3 3 1028.4915 3.231e-23 0.0723
3 1 1028.535129 3.099e-24 0.0809
3 1 1028.5602 4.538e-24 0.0689
3 1 1028.604492 5.845e-24 0.07
3 1 1028.6474 1.143e-24 0.0775
3 3 1028.681 2.327e-23 0.0721
3 1 1028.722 7.908e-24 0.0744
3 1 1028.7734 2.328e-23 0.0726
3 3 1028.8095 8.962e-25 0.07
3 1 1028.847592 2.296e-23 0.0733
3 4 1028.877 1.471e-25 0.066
3 4 1028.9257 3.394e-25 0.066
3 1 1028.9608 3.3980000000000004e-26 0.0693
3 1 1028.9977 1.4449999999999998e-22 0.0753
3 1 1029.0338 1.347e-23 0.0706
3 3 1029.086 3.731e-23 0.0726
3 1 1029.1442 1.702e-24 0.0725
3 1 1029.1737 7.163000000000001e-26 0.0794
3 4 1029.2081 9.481e-25 0.066
3 1 1029.2467 6.468e-26 0.0701
3 1 1029.2996 3.946e-24 0.0709
3 3 1029.3462 2.654e-23 0.0711
3 1 1029.3935 9.397e-25 0.0695
3 1 1029.4389 3.471e-24 0.0716
3 1 1029.4805 1.772e-25 0.0693
3 1 1029.5082 3.8560000000000004e-26 0.0766
3 1 1029.539169 1.6949999999999998e-22 0.0766
3 3 1029.5689 2.6730000000000002e-25 0.0691
3 4 1029.6242 3.202e-24 0.0807
3 1 1029.6631 1.18e-25 0.0818
3 1 1029.7019 4.945e-24 0.0775
3 1 1029.7346 3.528e-24 0.0707
3 4 1029.7794 2.058e-24 0.0784
3 2 1029.81491 3.245e-25 0.0785
3 1 1029.8555 6.193000000000001e-26 0.0709
3 1 1029.906228 2.992e-22 0.0851
3 3 1029.9549 2.269e-25 0.0689
3 4 1029.9888 2.356e-24 0.079
3 2 1030.05973 1.438e-25 0.0766
3 1 1030.0955 6.1159999999999996e-24 0.0707
3 1 1030.1321 2.925e-25 0.07
3 1 1030.173917 6.626999999999999e-22 0.0845
3 1 1030.2166 2.035e-24 0.0689
3 1 1030.259302 2.55e-21 0.0647
3 4 1030.3142 8.047999999999999e-24 0.0834
3 1 1030.357 5.508e-25 0.0699
3 1 1030.3858 3.825e-23 0.0768
3 1 1030.4258 1.152e-23 0.0745
3 2 1030.46541 1.9749999999999998e-23 0.0875
3 1 1030.5136 1.297e-25 0.0731
3 1 1030.553408 3.497e-22 0.0719
3 2 1030.60095 9.238e-25 0.0794
3 1 1030.6474 7.391e-24 0.0739
3 2 1030.69859 5.256e-25 0.0744
3 1 1030.737267 8.196e-22 0.0733
3 1 1030.780597 2.8849999999999997e-22 0.0753
3 1 1030.8233 1.025e-24 0.0686
3 2 1030.85936 1.099e-25 0.0773
3 3 1030.8996 1.769e-24 0.07
3 1 1030.933521 2.7669999999999997e-22 0.0827
3 1 1030.991 3.559e-25 0.0689
3 2 1031.02514 5.854e-25 0.0763
3 1 1031.062619 1.085e-21 0.0755
3 1 1031.096913 5.851e-22 0.0836
3 1 1031.1387 7.049e-25 0.0683
3 1 1031.1719 1.952e-25 0.0682
3 1 1031.2063 2.064e-24 0.0697
3 1 1031.2432 1.8970000000000001e-25 0.0693
3 2 1031.29584 5.854e-25 0.0739
3 1 1031.338787 4.266999999999999e-22 0.0718
3 1 1031.3675 1.614e-23 0.07
3 1 1031.4166 1.016e-25 0.0684
3 1 1031.450657 2.359e-23 0.0658
3 1 1031.5102 1.94e-23 0.0749
3 1 1031.5449 2.1479999999999998e-24 0.0702
3 1 1031.571725 4.251999999999999e-22 0.0818
3 1 1031.6319 4.759e-24 0.0688
3 1 1031.6629 3.55e-25 0.0695
3 1 1031.72 1.293e-21 0.0743
3 1 1031.7555 1.394e-25 0.0691
3 1 1031.7959 2.187e-24 0.07
3 1 1031.8379 1.605e-24 0.071
3 1 1031.8759 4.26e-25 0.0679
3 1 1031.914283 1.1899999999999998e-22 0.0699
3 3 1031.9517 2.365e-25 0.0686
3 1 1031.978738 1.788e-20 0.0847
3 2 1032.01406 4.619e-26 0.0699
3 4 1032.0378 4.663000000000001e-25 0.077
3 1 1032.0696 2.582e-24 0.0715
3 1 1032.1274 5.938000000000001e-25 0.0684
3 1 1032.1631 8.294e-25 0.0681
3 1 1032.1862 2.156e-25 0.0663
3 4 1032.2243 3.9710000000000002e-25 0.0755
3 1 1032.2693 1.1029999999999999e-23 0.0733
3 1 1032.3036 3.7500000000000003e-26 0.0683
3 4 1032.3486 2.394e-24 0.0796
3 1 1032.3796 1.678e-25 0.0678
3 1 1032.4097 2.551e-24 0.0693
3 4 1032.4284 1.942e-25 0.0727
3 1 1032.4565 8.376000000000001e-26 0.0696
3 1 1032.4887 5.97e-26 0.0682
3 1 1032.5134 1.749e-25 0.0678
3 1 1032.542 3.2230000000000003e-26 0.0679
3 1 1032.5619 1.582e-25 0.0702
3 1 1032.588634 3.248e-24 0.0648
3 1 1032.6051 1.736e-24 0.0697
3 3 1032.6397 1.942e-23 0.0711
3 3 1032.6674 7.019e-24 0.0703
3 1 1032.6943 7.645e-25 0.0691
3 1 1032.731 1.218e-24 0.0716
3 1 1032.770879 8.174e-24 0.0696
3 1 1032.8123 1.13e-25 0.077
3 1 1032.8603 1.419e-24 0.0728
3 2 1032.89129 1.7280000000000002e-25 0.0696
3 3 1032.9317 7.904000000000001e-25 0.0691
3 1 1032.9705 3.3359999999999995e-22 0.0798
3 4 1033.0174 3.375e-25 0.066
3 4 1033.0408 4.558e-25 0.0801
3 4 1033.084 4.644e-24 0.0828
3 4 1033.1178 1.8170000000000001e-25 0.066
3 1 1033.148 1.456e-25 0.068
3 1 1033.1919 8.225999999999999e-23 0.0758
3 1 1033.2318 3.555e-25 0.0678
3 1 1033.284179 5.729e-25 0.0726
3 1 1033.3311 8.823e-25 0.0689
3 4 1033.3502 5.962000000000001e-25 0.0779
3 1 1033.3984 1.9750000000000001e-25 0.0709
3 1 1033.4559 2.9780000000000003e-25 0.0697
3 1 1033.4868 2.674e-24 0.0684
3 1 1033.5429 9.202000000000001e-26 0.0684
3 1 1033.5999 3.501e-25 0.0651
3 1 1033.6421 2.778e-24 0.0699
3 1 1033.67425 1.3639999999999998e-22 0.0702
3 2 1033.70445 2.748e-24 0.0763
3 1 1033.7318 1.229e-25 0.0738
3 1 1033.77337 4.544e-25 0.0724
3 1 1033.807454 8.379e-23 0.0712
3 1 1033.8702 4.0950000000000005e-26 0.0733
3 1 1033.8996 2.54e-25 0.0681
3 1 1033.95 2.292e-25 0.0666
3 1 1033.987 1.0250000000000001e-25 0.0678
3 4 1034.0126 2.7979999999999998e-24 0.0828
3 4 1034.0472 7.058e-25 0.0821
3 2 1034.09134 3.751e-23 0.0835
3 1 1034.141942 7.781e-22 0.0715
3 1 1034.1901 5.0060000000000006e-26 0.0696
3 2 1034.22989 2.019e-25 0.0699
3 1 1034.275534 1.4040000000000002e-25 0.0693
3 1 1034.312427 2.597e-22 0.0732
3 1 1034.356977 6.260999999999999e-22 0.0798
3 4 1034.3899 5.212e-24 0.0865
3 1 1034.433761 2.94e-22 0.0694
3 1 1034.4705 1.861e-24 0.0696
3 4 1034.5128 7.904e-24 0.0816
3 1 1034.565815 5.541e-21 0.0794
3 1 1034.6125 4.5e-25 0.0802
3 1 1034.6498 3.166e-26 0.0681
3 1 1034.680161 8.652999999999998e-22 0.0725
3 1 1034.712019 1.02e-21 0.0734
3 1 1034.761771 3.726e-21 0.079
3 1 1034.785574 2.685e-21 0.0779
3 1 1034.8229 4.847e-25 0.0734
3 1 1034.8658 1.2560000000000001e-25 0.0666
3 1 1034.8968 8.525000000000001e-26 0.0809
3 1 1034.9327 2.7149999999999997e-22 0.0689
3 4 1034.9887 1.885e-24 0.0877
3 1 1035.0367 1.4989999999999998e-23 0.0718
3 1 1035.0756 1.41e-23 0.0754
3 1 1035.1226 1.861e-24 0.0729
3 1 1035.1667 3.73e-24 0.07
3 1 1035.2227 6.263000000000001e-25 0.0684
3 1 1035.2712 3.492e-26 0.0745
3 1 1035.315149 1.277e-25 0.0679
3 4 1035.3515 2.1439999999999998e-24 0.0884
3 1 1035.4027 1.562e-23 0.0726
3 3 1035.4498 2.115e-25 0.0681
3 1 1035.494552 1.688e-25 0.0678
3 1 1035.5502 1.615e-24 0.0744
3 1 1035.6004 1.277e-22 0.0749
3 1 1035.6487 5.374e-24 0.075
3 1 1035.6991 3.702e-26 0.0697
3 1 1035.73223 1.7090000000000002e-21 0.0737
3 1 1035.7621 5.337e-23 0.0708
3 1 1035.7928 2.201e-24 0.0683
3 1 1035.847528 2.278e-22 0.0681
3 1 1035.9091 2.229e-23 0.0737
3 2 1035.95931 2.668e-23 0.0798
3 1 1036.0329 1.448e-23 0.0723
3 2 1036.10764 6.131999999999999e-23 0.0819
3 1 1036.134 1.77e-24 0.0697
3 1 1036.186 2.272e-22 0.0721
3 1 1036.2441 1.124e-25 0.0835
3 1 1036.3093 6.694e-25 0.0805
3 1 1036.351743 1.9269999999999997e-22 0.0693
3 4 1036.3947 3.529e-25 0.0855
3 1 1036.441183 1.136e-21 0.0792
3 1 1036.493775 8.305e-25 0.0678
3 1 1036.552822 1.168e-24 0.0679
3 2 1036.58788 2.8189999999999996e-23 0.0792
3 1 1036.6393 1.8830000000000002e-25 0.0718
3 1 1036.6899 4.94e-25 0.0683
3 1 1036.72535 3.88e-25 0.0646
3 2 1036.78696 5.177e-23 0.0805
3 1 1036.8497 9.543000000000001e-26 0.0678
3 3 1036.9023 3.865e-25 0.0755
3 3 1036.9582 1.346e-25 0.0853
3 3 1037.0086 5.3270000000000005e-25 0.0679
3 1 1037.0585 5.604999999999999e-22 0.0725
3 3 1037.1003 2.538e-25 0.0801
3 1 1037.133684 1.6879999999999999e-22 0.0675
3 1 1037.1873 6.9550000000000005e-25 0.0714
3 1 1037.2528 9.229000000000001e-26 0.07
3 1 1037.3028 6.88e-26 0.07
3 1 1037.354059 5.909e-23 0.0726
3 1 1037.3872 1.631e-24 0.0681
3 1 1037.4376 2.409e-24 0.0721
3 1 1037.494083 2.7490000000000002e-21 0.0757
3 1 1037.5517 1.514e-22 0.0666
3 1 1037.606979 5.623e-24 0.0686
3 1 1037.6494 6.443999999999999e-23 0.0709
3 2 1037.67537 7.048000000000001e-26 0.078
3 2 1037.7183 2.2819999999999998e-23 0.0774
3 1 1037.7564 1.369e-24 0.0689
3 4 1037.7808 1e-25 0.072
3 1 1037.7936 4.218e-25 0.0678
3 4 1037.8414 2.0580000000000001e-25 0.0821
3 2 1037.89083 2.572e-25 0.0708
3 1 1037.945843 1.351e-22 0.0669
3 2 1037.99938 9.119000000000001e-26 0.0712
3 2 1038.05215 1.665e-23 0.0763
3 2 1038.08856 1.203e-25 0.0718
3 1 1038.1468 6.854e-25 0.0755
3 1 1038.1799 4.4950000000000005e-26 0.076
3 1 1038.2374 8.565000000000001e-26 0.0695
3 1 1038.281385 6.388e-25 0.0697
3 2 1038.30679 2.692e-25 0.0712
3 1 1038.3503 4.39e-24 0.0723
3 2 1038.37242 3.7710000000000003e-25 0.0727
3 2 1038.3981 4.539e-25 0.0738
3 1 1038.410269 1.212e-24 0.0764
3 2 1038.4506 2.62e-25 0.0711
3 4 1038.5082 3.1350000000000003e-25 0.0812
3 3 1038.5588 7.173e-25 0.0681
3 1 1038.609905 4.367e-23 0.0707
3 1 1038.6704 4.958000000000001e-25 0.0729
3 2 1038.70723 5.614999999999999e-23 0.0785
3 1 1038.76934 4.21e-25 0.0703
3 1 1038.8081 8.613e-24 0.0704
3 2 1038.84978 8.920000000000001e-26 0.0
3 2 1038.88586 2.206e-25 0.0744
3 1 1038.93786 9.528e-23 0.0709
3 1 1038.994087 1.33e-20 0.0821
3 2 1039.02609 6.411e-23 0.0785
3 3 1039.0792 2.1730000000000003e-25 0.0695
3 1 1039.1077 6.1119999999999996e-24 0.0695
3 3 1039.1517 1.913e-25 0.0678
3 1 1039.2048 3.078e-26 0.0818
3 4 1039.2579 9.125e-25 0.0835
3 1 1039.3104 2.921e-25 0.0749
3 4 1039.3689 6.644e-24 0.0858
3 1 1039.4401 8.201e-23 0.0659
3 1 1039.511375 6.1729999999999996e-24 0.0746
3 1 1039.541573 2.6199999999999998e-23 0.0691
3 4 1039.6032 8.904e-25 0.0812
3 1 1039.6372 1.4950000000000001e-25 0.0681
3 2 1039.6876 1.74e-24 0.0726
3 1 1039.743506 1.37e-20 0.0854
3 2 1039.79058 2.688e-24 0.0737
3 4 1039.8303 2.654e-24 0.0843
3 1 1039.873 1.359e-25 0.0678
3 4 1039.9454 2.1439999999999998e-24 0.0835
3 1 1039.9848 5.88e-25 0.07
3 1 1040.057889 2.157e-20 0.0843
3 1 1040.139718 2.5680000000000003e-20 0.0773
3 2 1040.17884 3.815e-23 0.0763
3 1 1040.2334 6.153e-25 0.0721
3 1 1040.268948 1.1260000000000001e-20 0.0838
3 1 1040.3272 5.6660000000000005e-25 0.0686
3 2 1040.38241 9.238e-25 0.0773
3 3 1040.4339 9.288000000000001e-25 0.0683
3 1 1040.486704 1.5100000000000002e-20 0.0856
3 2 1040.5254 2.146e-23 0.0749
3 1 1040.5718 1.119e-24 0.0778
3 2 1040.62034 1.8910000000000002e-25 0.0704
3 2 1040.66284 9.238e-24 0.0733
3 2 1040.69706 4.6589999999999997e-23 0.0763
3 1 1040.736778 2.797e-24 0.0711
3 1 1040.784 1.603e-25 0.0697
3 1 1040.859201 1.414e-23 0.0704
3 4 1040.9197 9.048e-24 0.0842
3 1 1040.9608 5.720000000000001e-26 0.07
3 2 1041.00959 2.612e-25 0.0721
3 2 1041.06326 3.8070000000000002e-25 0.0695
3 2 1041.12249 4.5e-24 0.0721
3 1 1041.1659 2.654e-24 0.0686
3 2 1041.22245 1.3899999999999998e-23 0.0737
3 4 1041.2608 5.846e-25 0.0785
3 1 1041.3126 2.606e-24 0.074
3 1 1041.3548 4.8550000000000006e-26 0.0697
3 1 1041.4162 1.322e-24 0.0794
3 4 1041.4632 1.692e-24 0.0792
3 1 1041.509844 1.518e-22 0.0729
3 1 1041.5517 2.2149999999999998e-24 0.0684
3 1 1041.60819 2.929e-24 0.0695
3 1 1041.665836 8.100999999999999e-22 0.0745
3 2 1041.71505 1.187e-25 0.0695
3 4 1041.7569 6.26e-24 0.0827
3 3 1041.7933 2.3270000000000003e-25 0.0671
3 1 1041.8423 2.289e-25 0.0702
3 1 1041.881784 1.537e-25 0.0729
3 4 1041.9371 5.24e-24 0.0819
3 2 1041.99428 3.815e-24 0.0715
3 1 1042.055833 5.812e-23 0.0695
3 2 1042.09361 1.88e-23 0.0737
3 2 1042.12223 1.179e-25 0.0766
3 1 1042.175727 8.926999999999999e-22 0.0684
3 1 1042.214634 3.719e-25 0.0686
3 1 1042.255901 8.493e-25 0.0678
3 1 1042.3046 7.114e-26 0.0718
3 1 1042.3562 1.951e-23 0.0703
3 2 1042.41156 3.369e-23 0.0745
3 1 1042.44673 1.4039999999999998e-22 0.0708
3 3 1042.4994 1.433e-25 0.0678
3 1 1042.5524 8.533e-26 0.0699
3 4 1042.618 3.606e-24 0.0798
3 1 1042.65357 5.439e-25 0.0699
3 1 1042.695996 1.4469999999999998e-23 0.0721
3 1 1042.7573 7.6180000000000005e-25 0.0691
3 1 1042.8036 4.1060000000000003e-25 0.0697
3 1 1042.853246 3.337e-25 0.0684
3 1 1042.896 5.134e-25 0.0734
3 1 1042.9326 3.1530000000000005e-26 0.0678
3 1 1042.976019 1.1109999999999998e-22 0.0704
3 4 1043.0466 2.846e-24 0.0785
3 1 1043.0943 2.721e-25 0.0826
3 4 1043.1389 1.26e-23 0.0793
3 1 1043.1956 2.358e-25 0.0718
3 1 1043.2459 1.153e-25 0.0695
3 1 1043.2952 5.376e-23 0.0701
3 1 1043.3501 8.383000000000001e-25 0.0679
3 1 1043.396252 5.223e-25 0.0686
3 1 1043.4409 4.927e-25 0.0684
3 1 1043.4819 4.514e-24 0.0689
3 1 1043.5201 1.042e-24 0.0697
3 4 1043.5407 1.298e-25 0.0759
3 1 1043.5709 3.027e-25 0.0691
3 1 1043.6354 1.832e-25 0.0695
3 1 1043.6896 5.594e-24 0.0679
3 2 1043.73493 6.73e-26 0.078
3 4 1043.795 2.087e-24 0.0768
3 4 1043.8295 6.154e-25 0.0753
3 1 1043.8612 2.423e-25 0.0653
3 1 1043.900777 2.164e-23 0.0699
3 4 1043.9454 6.702e-24 0.0798
3 1 1043.990771 2.4e-23 0.0787
3 2 1044.05647 1.4419999999999998e-23 0.0723
3 1 1044.0814 1.087e-24 0.0676
3 1 1044.1241 3.594e-26 0.0679
3 1 1044.174206 1.4539999999999999e-22 0.0714
3 2 1044.22636 2.779e-25 0.072
3 2 1044.25331 4.858e-24 0.0711
3 2 1044.29711 3.6280000000000003e-25 0.0734
3 1 1044.349096 6.753e-21 0.0904
3 2 1044.36626 4.141e-25 0.077
3 2 1044.37926 9.676000000000001e-26 0.0816
3 1 1044.457181 7.537000000000001e-25 0.0684
3 2 1044.4976 2.684e-23 0.073
3 1 1044.533198 1.292e-20 0.0877
3 2 1044.56806 4.261e-23 0.0737
3 4 1044.5928 1.317e-23 0.0806
3 1 1044.636209 5.763e-22 0.0705
3 1 1044.675791 4.358999999999999e-22 0.0721
3 1 1044.7165 3.5730000000000004e-26 0.068
3 1 1044.7573 4.0840000000000004e-25 0.0679
3 1 1044.816222 5.835e-23 0.0708
3 1 1044.8637 8.609e-26 0.0695
3 4 1044.9025 2.0769999999999998e-24 0.0758
3 1 1044.9623 2.089e-25 0.0818
3 2 1044.99719 2.497e-23 0.0726
3 1 1045.0444 1.815e-24 0.0684
3 1 1045.093244 2.0629999999999999e-22 0.0713
3 1 1045.1429 1.0890000000000001e-25 0.0693
3 2 1045.20926 1.605e-24 0.0702
3 2 1045.23985 4.5e-23 0.0733
3 2 1045.27854 6.053e-26 0.0684
3 2 1045.32456 5.495e-23 0.0741
3 1 1045.360197 5.922000000000001e-25 0.069
3 4 1045.417 3.683e-25 0.0733
3 2 1045.47231 3.5e-24 0.0706
3 2 1045.49923 4.1010000000000003e-26 0.0
3 1 1045.56596 8.278e-25 0.0695
3 1 1045.6153 7.419e-26 0.0696
3 1 1045.6673 1.562e-24 0.0696
3 1 1045.733325 9.466e-24 0.0707
3 2 1045.79385 6.172e-24 0.0709
3 4 1045.8423 5.702e-24 0.0774
3 2 1045.88185 4.6589999999999997e-23 0.0727
3 4 1045.94 1.2019999999999999e-23 0.0792
3 2 1045.97108 2.13e-23 0.0721
3 1 1046.011659 1.974e-21 0.0799
3 1 1046.0667 1.008e-22 0.0706
3 2 1046.11022 2.704e-23 0.0723
3 1 1046.1671 2.937e-25 0.074
3 2 1046.20811 6.212e-26 0.0684
3 2 1046.2552 4.858e-26 0.0678
3 1 1046.2999 3.5200000000000004e-26 0.0692
3 1 1046.3405 3.381e-26 0.0679
3 4 1046.3932 8.981e-24 0.0779
3 4 1046.4494 1.327e-23 0.0792
3 1 1046.4867 2.042e-24 0.0679
3 2 1046.55655 3.2249999999999996e-23 0.0723
3 2 1046.60639 1.549e-25 0.0754
3 4 1046.6339 1.404e-23 0.0787
3 1 1046.6852 1.2460000000000001e-25 0.0653
3 3 1046.7455 3.981e-25 0.0672
3 1 1046.8045 1.022e-24 0.0691
3 1 1046.847452 5.425999999999999e-22 0.0692
3 2 1046.90044 4.7780000000000005e-26 0.068
3 1 1046.9318 1.957e-25 0.0678
3 1 1046.9754 1.941e-25 0.0678
3 4 1047.0095 1.837e-24 0.0741
3 1 1047.0586 1.9040000000000001e-25 0.078
3 1 1047.1175 1.3359999999999999e-24 0.0697
3 2 1047.15162 1.1669999999999999e-23 0.0711
3 1 1047.184589 1.055e-24 0.0646
3 1 1047.231152 1.826e-24 0.0697
3 2 1047.2899 8.8e-26 0.0687
3 1 1047.344833 1.329e-21 0.0795
3 1 1047.3885 5.389e-25 0.0684
3 4 1047.42 8.76e-25 0.0726
3 1 1047.471009 4.204e-24 0.0678
3 1 1047.527619 8.649e-21 0.0857
3 2 1047.57215 6.57e-24 0.0706
3 2 1047.62286 3.062e-23 0.0711
3 2 1047.653 1.764e-23 0.0657
3 1 1047.717293 4.705e-22 0.0681
3 2 1047.77199 1.442e-24 0.0725
3 4 1047.8134 1.317e-23 0.0774
3 1 1047.8645 2.122e-22 0.0703
3 2 1047.91062 4.141e-26 0.0682
3 1 1047.9517 4.948e-24 0.0775
3 1 1047.985254 3.8319999999999994e-22 0.0741
3 2 1048.00977 8.123e-26 0.0684
3 1 1048.0622 1.513e-24 0.0744
3 1 1048.124633 1.236e-25 0.0685
3 1 1048.166513 9.878e-23 0.0721
3 3 1048.2242 3.8080000000000002e-25 0.0738
3 1 1048.2639 1.063e-24 0.073
3 2 1048.31355 3.317e-23 0.0721
3 2 1048.35479 2.473e-23 0.0715
3 3 1048.3867 4.058e-25 0.0781
3 1 1048.4311 1.5690000000000001e-25 0.0656
3 4 1048.4728 2.625e-25 0.0718
3 1 1048.5075 8.723e-24 0.0687
3 4 1048.5433 1.317e-23 0.0774
3 1 1048.587172 1.13e-24 0.0683
3 1 1048.6421 1.132e-24 0.0773
3 1 1048.695592 9.815e-25 0.0695
3 3 1048.7346 2.423e-25 0.0794
3 2 1048.78612 2.2659999999999998e-23 0.0711
3 4 1048.8408 6.76e-24 0.0753
3 1 1048.8929 4.159e-25 0.0678
3 1 1048.9378 1.7019999999999998e-23 0.0691
3 1 1048.987 1.289e-24 0.0678
3 1 1049.034944 1.291e-23 0.0703
3 1 1049.0773 8.818e-23 0.0704
3 4 1049.1212 1.3559999999999998e-23 0.0765
3 1 1049.16345 1.153e-25 0.0679
3 4 1049.2145 2e-25 0.0706
3 1 1049.2708 1.4289999999999998e-23 0.0689
3 2 1049.30101 2.079e-25 0.0734
3 2 1049.33484 1.816e-23 0.0709
3 1 1049.3733 5.544e-26 0.0683
3 1 1049.4175 6.723e-25 0.0682
3 2 1049.44968 1.406e-23 0.0707
3 1 1049.479574 1.1409999999999999e-23 0.0702
3 4 1049.5032 1.058e-25 0.077
3 1 1049.5458 4.847e-25 0.07
3 2 1049.59548 1.23e-23 0.0702
3 1 1049.64723 3.25e-20 0.0827
3 1 1049.680603 4.911e-25 0.0787
3 1 1049.75103 5.956000000000001e-25 0.0684
3 1 1049.7887 1.061e-24 0.0754
3 2 1049.83564 1.075e-23 0.0701
3 2 1049.865 4.261e-24 0.0702
3 1 1049.909673 1.779e-21 0.0782
3 1 1049.962267 2.983e-23 0.0706
3 1 1049.999665 2.583e-24 0.0693
3 2 1050.0636 9.397e-24 0.07
3 2 1050.09766 1.772e-25 0.0736
3 4 1050.1355 5.308000000000001e-25 0.0711
3 2 1050.17826 2.3180000000000003e-25 0.0716
3 4 1050.2225 1.1539999999999999e-23 0.0718
3 1 1050.2537 1.7029999999999999e-22 0.0702
3 1 1050.2941 1.0890000000000001e-25 0.069
3 2 1050.32976 3.6400000000000003e-25 0.0746
3 1 1050.3631 8.242e-26 0.0683
3 1 1050.3783 1.877e-24 0.0721
3 2 1050.40614 3.186e-25 0.0787
3 1 1050.451042 8.939e-25 0.0713
3 1 1050.5059 1.9000000000000001e-25 0.0687
3 1 1050.5396 1.695e-24 0.07
3 1 1050.566068 2.867e-22 0.0775
3 4 1050.6049 3.029e-24 0.073
3 1 1050.6519 9.903e-25 0.0742
3 1 1050.7209 1.532e-25 0.0711
3 1 1050.7661 1.045e-24 0.075
3 1 1050.8203 1.058e-24 0.0755
3 2 1050.873 1.023e-24 0.0739
3 4 1050.9151 1.288e-25 0.0701
3 1 1050.9565 9.433999999999999e-23 0.0699
3 1 1051.0049 1.207e-25 0.0695
3 4 1051.0526 5.587e-24 0.0737
3 4 1051.099 1.779e-24 0.0721
3 1 1051.1402 1.842e-24 0.0718
3 1 1051.2046 3.3590000000000004e-26 0.0687
3 1 1051.2582 3.5580000000000005e-26 0.0873
3 4 1051.3122 3.115e-25 0.0715
3 1 1051.37701 1.481e-22 0.0702
3 4 1051.412 3.933e-24 0.073
3 1 1051.4709 1.558e-25 0.0742
3 1 1051.5308 4.859e-26 0.0836
3 1 1051.5754 6.830999999999999e-23 0.0695
3 4 1051.6108 4.413e-25 0.0726
3 1 1051.6635 4.65e-23 0.0689
3 2 1051.70611 1.1389999999999999e-24 0.0708
3 1 1051.7669 2.654e-23 0.0684
3 1 1051.8059 1.061e-25 0.0808
3 1 1051.8707 1.8240000000000001e-25 0.068
3 4 1051.9169 3.644e-24 0.0726
3 4 1051.9674 1.394e-25 0.0706
3 1 1052.0119 1.405e-24 0.0697
3 2 1052.06949 2.019e-24 0.0691
3 1 1052.1274 1.069e-25 0.0672
3 1 1052.18291 1.2719999999999999e-22 0.0721
3 1 1052.228406 7.976e-23 0.0691
3 1 1052.3037 5.203e-25 0.0727
3 4 1052.3713 4.019e-25 0.0711
3 4 1052.4076 1.75e-25 0.0766
3 1 1052.4406 1.451e-25 0.0707
3 1 1052.505277 1.14e-22 0.0709
3 1 1052.5586 1.907e-24 0.0729
3 4 1052.6 2.6540000000000003e-25 0.0702
3 3 1052.6394 1.0190000000000001e-25 0.0736
3 1 1052.699712 4.046e-23 0.0695
3 1 1052.759407 1.223e-20 0.0788
3 1 1052.815507 3.704e-23 0.0696
3 1 1052.8784 1.712e-25 0.0853
3 1 1052.924748 1.53e-21 0.0741
3 1 1052.989 4.994000000000001e-25 0.0796
3 1 1053.0472 1.7019999999999998e-23 0.0684
3 1 1053.114152 5.6050000000000004e-21 0.0764
3 1 1053.163525 4.859e-22 0.0721
3 1 1053.2279 2.444e-25 0.078
3 1 1053.2566 4.928e-25 0.0686
3 2 1053.28697 1.083e-23 0.0702
3 4 1053.3533 5.3270000000000005e-25 0.0704
3 2 1053.413 4.5000000000000005e-26 0.0684
3 2 1053.46536 1.378e-24 0.0682
3 1 1053.5109 8.687e-26 0.0697
3 1 1053.5776 2.513e-24 0.0736
3 1 1053.640712 8.424e-21 0.0786
3 1 1053.677703 8.669e-22 0.0726
3 1 1053.745 7.219000000000001e-25 0.0721
3 1 1053.7898 3.882e-24 0.0723
3 1 1053.8594 2.883e-25 0.0679
3 2 1053.90666 1.529e-25 0.0809
3 1 1053.946442 9.356e-22 0.0743
3 2 1054.00653 8.999000000000001e-25 0.0702
3 1 1054.0466 5.528e-24 0.0755
3 3 1054.096 4.25e-25 0.0781
3 1 1054.125921 7.727e-24 0.0678
3 1 1054.1608 3.683e-25 0.0682
3 3 1054.2058 2.0380000000000002e-25 0.0834
3 1 1054.235 7.612e-24 0.068
3 1 1054.2778 1.7e-24 0.0678
3 1 1054.3206 6.975e-24 0.089
3 2 1054.3755 7.048e-24 0.0699
3 1 1054.445216 8.719999999999999e-22 0.0703
3 1 1054.492 3.6130000000000003e-25 0.0835
3 1 1054.5549 9.395e-24 0.0681
3 1 1054.645139 4.6069999999999997e-23 0.0676
3 1 1054.6923 1.32e-23 0.0681
3 1 1054.73383 1.123e-25 0.0678
3 2 1054.77305 2.3220000000000003e-25 0.0693
3 2 1054.82401 7.685000000000001e-26 0.0687
3 4 1054.889 3.106e-25 0.07
3 1 1054.931 5.141e-25 0.0773
3 1 1055.008331 3.591e-24 0.0683
3 1 1055.062 6.879000000000001e-25 0.0712
3 1 1055.1371 5.0380000000000003e-26 0.07
3 1 1055.1712 3.748e-24 0.0678
3 4 1055.218 1.471e-25 0.0704
3 4 1055.2542 5.481e-24 0.0711
3 1 1055.321777 1.5200000000000002e-20 0.0771
3 2 1055.3883 5.495e-25 0.0679
3 2 1055.46902 3.727e-24 0.0691
3 4 1055.5096 9.808000000000001e-26 0.0755
3 1 1055.5295 1.716e-25 0.0682
3 4 1055.5716 4.8849999999999996e-24 0.0718
3 4 1055.612 2.317e-25 0.0697
3 1 1055.6745 1.773e-25 0.0779
3 1 1055.7229 3.9190000000000005e-26 0.0733
3 1 1055.787841 1.4369999999999998e-23 0.0678
3 1 1055.8361 2.619e-25 0.0802
3 1 1055.8846 1.218e-25 0.0717
3 1 1055.961548 2.939e-25 0.0681
3 1 1056.0019 5.462e-26 0.0691
3 1 1056.0319 4.478e-26 0.07
3 2 1056.09402 1.7e-25 0.0701
3 2 1056.14013 4.181e-26 0.0721
3 1 1056.1747 1.9050000000000001e-25 0.0696
3 1 1056.224 2.226e-24 0.0695
3 2 1056.25974 2.314e-25 0.072
3 2 1056.29686 2.6440000000000003e-25 0.0727
3 1 1056.3404 3.6270000000000004e-26 0.0737
3 1 1056.3813 7.344e-25 0.0768
3 4 1056.4075 2.0769999999999998e-24 0.0707
3 1 1056.448983 1.0899999999999999e-23 0.0689
3 2 1056.48212 2.8110000000000003e-25 0.0794
3 1 1056.505877 2.709e-22 0.0707
3 4 1056.5503 2.471e-25 0.0739
3 3 1056.6019 1.192e-25 0.0883
3 1 1056.6498 2.4920000000000003e-25 0.0714
3 2 1056.70505 1.195e-25 0.0749
3 2 1056.76534 1.039e-25 0.0701
3 1 1056.8041 3.542e-25 0.0827
3 1 1056.847309 6.007999999999999e-23 0.0774
3 1 1056.9153 2.3220000000000003e-25 0.0758
3 4 1056.9691 1.212e-25 0.0689
3 1 1057.052076 2.741e-20 0.0757
3 1 1057.119722 9.903e-24 0.0721
3 1 1057.1648 1.172e-24 0.077
3 4 1057.2059 2.481e-24 0.0707
3 2 1057.25728 1.5770000000000001e-25 0.0702
3 1 1057.3053 2.8290000000000003e-25 0.0681
3 1 1057.3682 2.573e-24 0.0687
3 4 1057.4143 1.221e-25 0.0773
3 1 1057.4959 1.71e-25 0.0665
3 4 1057.5597 1.7980000000000002e-25 0.0697
3 1 1057.6174 7.254000000000001e-25 0.0684
3 1 1057.6554 1.576e-24 0.0678
3 1 1057.7207 4.986000000000001e-25 0.0697
3 1 1057.769481 8.800999999999998e-22 0.0724
3 4 1057.8311 1.606e-24 0.0688
3 1 1057.87511 5.248e-24 0.0683
3 2 1057.91579 3.1180000000000004e-25 0.0701
3 2 1057.96921 4.022e-25 0.0703
3 1 1058.0757 1.777e-25 0.0775
3 4 1058.124 7.394e-25 0.07
3 1 1058.171667 2.7970000000000002e-21 0.0692
3 1 1058.2168 1.782e-25 0.0667
3 4 1058.282 1.5770000000000001e-25 0.0696
3 3 1058.3379 2.019e-25 0.0715
3 2 1058.38797 2.007e-25 0.0734
3 1 1058.460289 5.77e-23 0.0655
3 1 1058.510722 5.815e-24 0.0708
3 1 1058.5682 1.924e-24 0.0696
3 1 1058.6337 1.339e-25 0.078
3 3 1058.6929 1e-25 0.0724
3 1 1058.7559 1.0880000000000001e-25 0.0681
3 4 1058.8468 1.202e-25 0.0686
3 1 1058.900935 6.113e-23 0.0689
3 2 1058.98386 7.645e-26 0.0706
3 2 1059.03249 9.915000000000001e-26 0.0703
3 4 1059.0846 1.49e-24 0.0702
3 2 1059.14002 6.411e-25 0.0707
3 4 1059.2043 1.288e-24 0.0701
3 4 1059.2957 2.279e-25 0.0689
3 1 1059.348317 3.994e-21 0.0722
3 1 1059.39575 1.761e-25 0.0679
3 2 1059.4443 7.566000000000001e-25 0.0702
3 1 1059.515 5.610000000000001e-25 0.0711
3 1 1059.587 1.068e-24 0.0759
3 3 1059.645 2.231e-25 0.074
3 1 1059.7153 8.154000000000001e-25 0.0766
3 1 1059.758 6.013e-25 0.0843
3 1 1059.7928 6.189e-22 0.0711
3 2 1059.82882 2.385e-25 0.0706
3 1 1059.8737 1.3370000000000001e-25 0.0684
3 2 1059.92965 7.2870000000000005e-25 0.0709
3 4 1059.9801 1.971e-24 0.0703
3 1 1060.0346 7.213e-24 0.0744
3 2 1060.1082 8.561e-26 0.0708
3 1 1060.1964 1.5299999999999999e-24 0.0734
3 1 1060.2278 5.471e-24 0.0746
3 2 1060.28079 6.331e-25 0.0709
3 1 1060.3667 6.879e-24 0.0711
3 2 1060.42307 3.409e-25 0.0707
3 2 1060.46554 4.3010000000000003e-26 0.0739
3 1 1060.511987 5.889e-24 0.0681
3 4 1060.5722 1.106e-25 0.0683
3 2 1060.65282 1.9030000000000001e-25 0.0695
3 2 1060.72572 2.58e-25 0.0802
3 1 1060.7673 1.231e-24 0.0691
3 1 1060.8391 7.542e-24 0.0739
3 4 1060.8844 5.587e-25 0.0689
3 4 1060.953 8.2600000000000005e-25 0.0697
3 1 1061.0375 1.9710000000000002e-25 0.0721
3 1 1061.0817 3.603e-24 0.0665
3 1 1061.156068 2.558e-21 0.0707
3 2 1061.22654 9.557e-26 0.0711
3 1 1061.284049 5.595e-23 0.0691
3 4 1061.3492 1.4900000000000001e-25 0.068
3 1 1061.436659 6.803e-24 0.0687
3 4 1061.4954 9.808000000000001e-26 0.0679
3 1 1061.530949 2.448e-24 0.0681
3 1 1061.569112 9.916e-24 0.0691
3 4 1061.608 9.269000000000001e-26 0.0764
3 1 1061.6705 3.524e-24 0.0678
3 2 1061.7294 5.376e-26 0.0707
3 1 1061.796231 6.229e-25 0.0678
3 2 1061.84093 1.9830000000000001e-25 0.0695
3 4 1061.9088 1.1630000000000002e-25 0.0682
3 2 1061.99366 7.924000000000001e-26 0.0715
3 2 1062.05989 2.377e-25 0.0697
3 1 1062.116196 1.0410000000000001e-20 0.0673
3 1 1062.16437 3.4420000000000004e-21 0.0716
3 1 1062.2324 1.668e-25 0.0746
3 1 1062.2945 8.492e-25 0.0711
3 2 1062.33901 1.063e-25 0.0714
3 1 1062.3816 1.864e-25 0.0821
3 1 1062.424049 1.737e-21 0.0681
3 1 1062.474582 1.6229999999999997e-22 0.0723
3 2 1062.51304 3.082e-25 0.075
3 1 1062.543994 1.9849999999999999e-22 0.0734
3 2 1062.56849 2.9900000000000003e-25 0.0781
3 1 1062.5893 4.8810000000000004e-26 0.0711
3 1 1062.616488 2.344e-22 0.075
3 1 1062.6659 2.202e-24 0.0669
3 1 1062.712 5.869e-24 0.0704
3 2 1062.77332 8.76e-25 0.0713
3 1 1062.842 1.264e-25 0.0684
3 1 1062.925023 3.64e-23 0.0687
3 1 1063.007791 3.1189999999999998e-24 0.065
3 1 1063.0703 2.4930000000000003e-25 0.0785
3 1 1063.151481 2.552e-24 0.0649
3 1 1063.198488 6.963e-24 0.0678
3 1 1063.252062 2.0789999999999998e-24 0.0648
3 1 1063.345528 6.56e-23 0.0683
3 1 1063.3951 1.6889999999999998e-24 0.0818
3 1 1063.44979 4.792e-25 0.0682
3 1 1063.512193 7.172e-22 0.0733
3 1 1063.5765 7.234000000000001e-25 0.0787
3 2 1063.63259 7.884000000000001e-25 0.0706
3 1 1063.7363 6.624e-24 0.076
3 2 1063.81165 5.455e-25 0.0715
3 1 1063.8623 1.047e-25 0.07
3 2 1063.92766 4.261e-25 0.0695
3 1 1064.0277 2.914e-24 0.0723
3 1 1064.0818 1.622e-25 0.0734
3 1 1064.140138 1.1789999999999999e-22 0.0684
3 1 1064.2171 1.549e-25 0.0695
3 1 1064.2807 7.878000000000001e-26 0.0724
3 1 1064.353205 1.4370000000000002e-20 0.0714
3 1 1064.44791 5.132e-25 0.0705
3 1 1064.5367 1.8990000000000001e-25 0.0775
3 1 1064.5804 1.5770000000000001e-25 0.0801
3 2 1064.65279 6.013e-25 0.0766
3 3 1064.7172 4.3650000000000005e-25 0.0702
3 1 1064.7824 4.17e-25 0.0737
3 1 1064.851401 3.828e-25 0.0678
3 3 1064.9028 6.596000000000001e-25 0.0721
3 1 1064.972 1.7280000000000002e-25 0.078
3 2 1065.05796 1.091e-24 0.0721
3 4 1065.1518 1.702e-25 0.0682
3 1 1065.238258 2.0999999999999998e-22 0.0686
3 2 1065.31948 8.083e-25 0.0721
3 2 1065.39046 7.327e-25 0.0675
3 1 1065.477954 3.74e-25 0.0683
3 1 1065.5511 1.192e-25 0.0691
3 1 1065.639258 5.763e-21 0.0661
3 4 1065.683 2.3270000000000003e-25 0.0683
3 1 1065.741474 4.6199999999999997e-23 0.0687
3 3 1065.8037 7.019e-25 0.0749
3 1 1065.8639 4.305e-25 0.0849
3 1 1065.9233 4.346e-26 0.0746
3 1 1065.9933 3.905e-25 0.0773
3 2 1066.04333 1.115e-24 0.0681
3 1 1066.147407 1.04e-24 0.0742
3 2 1066.20824 7.606000000000001e-26 0.0744
3 2 1066.2738 6.491e-26 0.0712
3 1 1066.347923 1.133e-22 0.0689
3 4 1066.43 1.26e-25 0.068
3 1 1066.501745 2.07e-24 0.068
3 1 1066.5491 1.261e-24 0.0695
3 3 1066.6212 5.288000000000001e-25 0.0787
3 1 1066.66451 1.2430000000000002e-25 0.0692
3 1 1066.7248 1.845e-24 0.0673
3 1 1066.7721 1.853e-25 0.0737
3 1 1066.814843 3.041e-23 0.0684
3 4 1066.9025 1.365e-25 0.0699
3 1 1066.97891 1.0629999999999998e-22 0.0695
3 1 1067.089558 1.9979999999999997e-22 0.0683
3 1 1067.176719 4.1229999999999995e-22 0.0649
3 1 1067.265169 3.3529999999999997e-22 0.0679
3 2 1067.3287 6.331e-25 0.0726
3 1 1067.386951 8.238000000000001e-25 0.0678
3 1 1067.4395 1.183e-25 0.072
3 1 1067.5218 7.513000000000001e-26 0.07
3 1 1067.5527 9.778000000000001e-26 0.0693
3 2 1067.60644 4.778e-25 0.0726
3 1 1067.6859 6.127000000000001e-26 0.0697
3 1 1067.7621 8.666e-24 0.0734
3 1 1067.84145 1.437e-22 0.0693
3 1 1067.919876 2.5209999999999998e-23 0.0689
3 2 1067.99765 7.765e-25 0.0685
3 2 1068.10911 3.2970000000000003e-25 0.0726
3 1 1068.1654 9.129000000000001e-26 0.07
3 1 1068.2405 1.6570000000000001e-25 0.0686
3 1 1068.2978 6.357e-24 0.0773
3 1 1068.372 1.496e-24 0.0729
3 4 1068.4333 1.106e-25 0.0696
3 1 1068.4989 7.643e-25 0.0704
3 1 1068.553233 1.6499999999999998e-23 0.0678
3 1 1068.6039 1.05e-25 0.0758
3 1 1068.6561 4.168e-25 0.0722
3 1 1068.7061 1.184e-25 0.0697
3 2 1068.74016 2.019e-25 0.0741
3 1 1068.769333 2.303e-22 0.0759
3 1 1068.8138 5.208e-25 0.0729
3 1 1068.879708 5.867e-23 0.0689
3 1 1068.917169 8.478e-24 0.0689
3 1 1068.9746 4.1350000000000002e-25 0.0696
3 1 1069.0516 1.476e-24 0.0678
3 1 1069.144165 1.2879999999999999e-23 0.0682
3 2 1069.21473 2.222e-25 0.0727
3 1 1069.2731 5.793e-25 0.0732
3 2 1069.32534 5.0570000000000004e-26 0.0725
3 4 1069.3952 1.2400000000000002e-25 0.0773
3 2 1069.46633 1.613e-25 0.0741
3 1 1069.513774 2.874e-24 0.0683
3 1 1069.5937 9.869e-25 0.0695
3 1 1069.6678 9.536e-25 0.0676
3 1 1069.734272 3.426e-25 0.0827
3 1 1069.7763 8.644e-26 0.0704
3 1 1069.821346 9.618e-23 0.0729
3 2 1069.92672 2.186e-24 0.0738
3 1 1069.99518 2.563e-24 0.0681
3 1 1070.0659 5.342000000000001e-26 0.0787
3 1 1070.14606 2.172e-24 0.0683
3 1 1070.2403 1.371e-25 0.0719
3 1 1070.2989 5.475e-24 0.07
3 2 1070.37495 1.223e-25 0.0689
3 2 1070.45618 7.247000000000001e-25 0.0694
3 2 1070.53681 1.688e-25 0.0826
3 1 1070.6131 9.427e-25 0.0687
3 1 1070.7125 1.919e-25 0.0781
3 2 1070.76833 7.526000000000001e-26 0.0778
3 1 1070.851669 1.802e-23 0.0679
3 1 1070.9133 1.53e-25 0.0826
3 1 1070.99004 2.255e-22 0.068
3 1 1071.0466 1.851e-24 0.0696
3 1 1071.102942 5.26e-24 0.0693
3 1 1071.1848 1.691e-25 0.0801
3 1 1071.253006 3.828e-24 0.0682
3 1 1071.32 1.012e-25 0.0711
3 2 1071.38048 8.88e-25 0.0745
3 3 1071.4706 1.1730000000000001e-25 0.0709
3 1 1071.530252 1.0269999999999999e-22 0.0678
3 1 1071.6342 2.822e-24 0.0677
3 2 1071.71354 5.893000000000001e-26 0.0714
3 1 1071.7763 2.285e-25 0.0863
3 3 1071.8283 6.942000000000001e-25 0.0718
3 1 1071.9059 2.933e-25 0.0835
3 1 1071.9727 1.294e-25 0.0703
3 1 1072.0647 9.157e-26 0.0697
3 1 1072.1295 1.363e-24 0.08
3 1 1072.1714 1.542e-25 0.0717
3 1 1072.2449 9.261000000000001e-26 0.0697
3 1 1072.3619 1.4100000000000001e-25 0.0683
3 1 1072.4289 1.4920000000000001e-25 0.0695
3 1 1072.482222 9.979e-25 0.0704
3 2 1072.53031 5.854e-25 0.0699
3 1 1072.6005 1.635e-25 0.0687
3 1 1072.6709 2.446e-25 0.0704
3 1 1072.736 2.711e-25 0.0696
3 1 1072.82307 2.623e-24 0.0826
3 2 1072.89731 3.524e-25 0.0802
3 1 1072.9683 5.831e-24 0.0781
3 1 1073.01377 1.282e-24 0.0688
3 1 1073.062868 2.636e-24 0.0681
3 2 1073.15211 1.748e-25 0.0758
3 3 1073.2134 2.769e-25 0.084
3 2 1073.28254 2.218e-25 0.0697
3 2 1073.36007 1.123e-25 0.0758
3 1 1073.4404 1.318e-25 0.0713
3 2 1073.51182 1.895e-24 0.0758
3 3 1073.5719 2.788e-25 0.0757
3 1 1073.673775 7.503e-24 0.0835
3 1 1073.7249 1.276e-25 0.0818
3 1 1073.784555 4.369e-24 0.0684
3 2 1073.84485 2.8549999999999998e-24 0.076
3 1 1073.9612 1.854e-25 0.0801
3 1 1074.041263 4.455e-25 0.0684
3 4 1074.1242 1.038e-25 0.0696
3 1 1074.208124 4.3979999999999995e-23 0.0687
3 1 1074.263713 1.848e-24 0.0787
3 1 1074.320654 8.329e-24 0.0681
3 2 1074.39792 1.641e-24 0.0763
3 1 1074.469746 3.52e-23 0.0678
3 2 1074.53894 2.835e-24 0.0768
3 2 1074.59521 2.397e-25 0.0768
3 1 1074.714 2.259e-25 0.073
3 2 1074.77453 4.5e-25 0.0696
3 1 1074.8778 3.016e-24 0.0695
3 1 1074.908776 1.5169999999999999e-22 0.0723
3 1 1074.94467 2.85e-24 0.0684
3 1 1074.992297 1.0870000000000001e-25 0.0698
3 1 1075.047607 8.119999999999999e-23 0.0834
3 1 1075.1005 1.378e-25 0.0697
3 1 1075.1652 1.217e-24 0.0708
3 2 1075.26219 2.807e-24 0.0768
3 1 1075.3324 1.708e-24 0.0739
3 2 1075.40585 2.7e-25 0.077
3 2 1075.51802 4.062e-25 0.0695
3 3 1075.574 6.923000000000001e-25 0.0721
3 1 1075.655186 6.436e-24 0.0684
3 4 1075.7742 1.221e-25 0.0708
3 2 1075.84081 2.732e-25 0.0755
3 1 1075.9003 3.468e-24 0.0818
3 2 1075.96273 2.047e-24 0.0774
3 1 1076.0248 4.19e-26 0.07
3 2 1076.08222 4.659e-26 0.0774
3 1 1076.1489 1.515e-25 0.0746
3 1 1076.21686 1.639e-23 0.0709
3 4 1076.2811 1.471e-25 0.0766
3 1 1076.363 1.428e-25 0.0808
3 1 1076.4639 3.414e-25 0.0665
3 4 1076.5908 1.308e-25 0.0709
3 2 1076.66945 2.126e-25 0.0826
3 2 1076.73613 1.143e-25 0.0699
3 2 1076.8243 6.73e-25 0.0766
3 2 1076.88338 1.354e-24 0.0779
3 1 1076.947 7.486e-25 0.074
3 1 1077.037309 6.511e-24 0.0683
3 4 1077.127 1.5000000000000001e-25 0.0751
3 2 1077.22998 1.792e-25 0.0755
3 2 1077.34099 1.991e-25 0.0716
3 1 1077.423426 5.862e-24 0.0683
3 1 1077.4937 3.409e-24 0.0773
3 2 1077.56771 1.362e-25 0.073
3 3 1077.6402 5.212e-25 0.0708
3 2 1077.72036 8.88e-25 0.0721
3 2 1077.76472 1.477e-25 0.074
3 1 1077.8702 1.782e-24 0.0697
3 1 1077.946107 3.4450000000000003e-25 0.0683
3 1 1078.0611 4.719e-25 0.0706
3 1 1078.16 9.143000000000001e-26 0.0695
3 1 1078.26423 1.875e-24 0.0688
3 1 1078.3552 5.501000000000001e-26 0.0794
3 1 1078.413199 3.671e-24 0.0836
3 1 1078.4751 2.13e-25 0.0704
3 2 1078.5408 9.676e-25 0.0792
3 1 1078.6116 6.001e-24 0.0759
3 1 1078.711981 4.814e-25 0.0877
3 1 1078.777567 3.4469999999999995e-22 0.0702
3 1 1078.883881 9.465e-24 0.0679
3 1 1078.9758 1.679e-24 0.0719
3 1 1079.0977 1.541e-25 0.0705
3 1 1079.1775 2.135e-24 0.076
3 1 1079.219816 1.4969999999999998e-22 0.0695
3 2 1079.28292 1.629e-25 0.0749
3 1 1079.3715 4.8010000000000006e-26 0.0693
3 1 1079.4602 8.301e-25 0.0727
3 2 1079.53506 3.87e-25 0.0798
3 1 1079.633759 7.76e-23 0.0729
3 1 1079.768 1.109e-24 0.0699
3 2 1079.85419 1.764e-25 0.0801
3 1 1079.9662 5.239e-25 0.0712
3 1 1080.0164 3.235e-25 0.0697
3 1 1080.0832 1.129e-24 0.0691
3 1 1080.1728 3.1460000000000003e-25 0.076
3 1 1080.286265 8.947e-25 0.0701
3 1 1080.3897 5.059e-25 0.0849
3 2 1080.4911 1.035e-25 0.0853
3 1 1080.5864 1.321e-24 0.0802
3 2 1080.67287 5.774e-26 0.0695
3 1 1080.7701 2.399e-24 0.0749
3 2 1080.82083 7.964e-25 0.0708
3 4 1080.8819 1.317e-25 0.0774
3 2 1080.9534 3.046e-24 0.0791
3 4 1081.0209 1.663e-25 0.0774
3 1 1081.1323 1.017e-25 0.0679
3 1 1081.223241 2.1409999999999996e-22 0.0775
3 3 1081.2579 4.673000000000001e-25 0.0755
3 4 1081.3564 1.606e-25 0.0706
3 2 1081.45364 2.7e-24 0.0819
3 1 1081.517288 4.295999999999999e-22 0.0711
3 1 1081.591 1.104e-25 0.0723
3 1 1081.6423 2.025e-25 0.0695
3 2 1081.71423 1.346e-25 0.0819
3 1 1081.8102 8.937000000000001e-26 0.0768
3 1 1081.9034 6.399e-25 0.0695
3 2 1082.00209 2.13e-25 0.0755
3 1 1082.097 1.839e-25 0.0695
3 2 1082.16433 6.491e-25 0.0773
3 1 1082.2683 6.795e-25 0.0686
3 1 1082.32777 4.316e-23 0.0732
3 2 1082.39591 2.552e-24 0.0827
3 1 1082.4727 1.361e-24 0.0787
3 1 1082.6028 1.677e-24 0.07
3 1 1082.694046 4.795e-22 0.0734
3 1 1082.787688 1.1119999999999998e-22 0.074
3 2 1082.92231 2.564e-24 0.0827
3 1 1083.005489 9.574e-25 0.0703
3 1 1083.0897 8.538e-25 0.0742
3 2 1083.17997 2.0789999999999998e-24 0.0835
3 1 1083.2505 4.858e-25 0.0718
3 4 1083.3186 1.548e-25 0.0792
3 1 1083.42349 1.098e-22 0.0826
3 1 1083.511693 4.827e-22 0.0729
3 1 1083.6335 2.914e-25 0.0715
3 1 1083.719581 7.807e-24 0.0691
3 1 1083.8207 3.057e-25 0.0691
3 1 1083.925491 3.6169999999999995e-22 0.0704
3 2 1083.98457 1.856e-24 0.0843
3 1 1084.0425 7.360000000000001e-26 0.0701
3 1 1084.1165 1.317e-24 0.073
3 4 1084.2301 1.308e-25 0.0798
3 1 1084.2806 7.717e-25 0.0732
3 1 1084.3958 8.292e-25 0.0755
3 3 1084.4997 2.058e-24 0.0765
3 3 1084.6123 2.788e-25 0.0695
3 1 1084.6875 7.581000000000001e-25 0.073
3 2 1084.7873 1.5929999999999999e-24 0.0851
3 3 1084.8412 1.394e-24 0.0792
3 1 1084.9721 6.9520000000000005e-25 0.0738
3 1 1085.0576 9.825e-24 0.0711
3 1 1085.11725 2.908e-23 0.0692
3 1 1085.2235 5.899e-26 0.0749
3 3 1085.3426 1.606e-25 0.0885
3 2 1085.41344 8.322e-25 0.0714
3 1 1085.4944 8.382e-24 0.0787
3 2 1085.61307 8.521e-26 0.0688
3 4 1085.6846 1.625e-25 0.0812
3 1 1085.7707 6.771000000000001e-26 0.0779
3 4 1085.8437 1.442e-25 0.0812
3 4 1085.9321 9.712000000000001e-26 0.0812
3 4 1086.0434 1.01e-25 0.0696
3 1 1086.1383 1.148e-25 0.0801
3 1 1086.2569 2.761e-24 0.0754
3 1 1086.355 1.26e-24 0.0691
3 2 1086.40004 4.818e-25 0.0869
3 4 1086.49 1.9620000000000002e-25 0.0739
3 3 1086.5714 1.558e-24 0.0752
3 4 1086.6846 1.375e-25 0.0819
3 4 1086.8267 1.7210000000000002e-25 0.0798
3 1 1086.9067 1.252e-24 0.0697
3 1 1087.023 3.7590000000000004e-26 0.0691
3 2 1087.11263 4.0220000000000004e-26 0.0696
3 2 1087.18627 5.256e-25 0.0878
3 1 1087.2678 2.8030000000000003e-25 0.0739
3 3 1087.3459 5.25e-25 0.0702
3 2 1087.4461 1.4060000000000002e-25 0.0742
3 4 1087.505 1.606e-25 0.0706
3 2 1087.5706 1.477e-25 0.0691
3 1 1087.6592 6.573e-24 0.0701
3 1 1087.761247 2.392e-23 0.0711
3 2 1087.89645 9.079000000000001e-25 0.0875
3 1 1087.963313 1.161e-23 0.0662
3 1 1088.0295 5.724e-26 0.0691
3 4 1088.1339 1.99e-25 0.0729
3 1 1088.2354 7.378e-25 0.0706
3 3 1088.3032 2.3270000000000003e-25 0.0801
3 3 1088.3617 1.269e-25 0.073
3 2 1088.45939 3.074e-25 0.0695
3 1 1088.5454 9.811e-25 0.0697
3 1 1088.6354 4.5590000000000004e-26 0.0679
3 1 1088.6956 2.6650000000000003e-25 0.0691
3 1 1088.7955 3.2770000000000004e-25 0.0696
3 2 1088.86858 2.529e-25 0.0695
3 2 1088.98729 1.943e-25 0.0
3 2 1089.07327 2.019e-25 0.0695
3 2 1089.14492 9.676000000000001e-26 0.0796
3 2 1089.20653 8.76e-25 0.0729
3 1 1089.3292 2.09e-25 0.0704
3 2 1089.38127 4.46e-25 0.0801
3 1 1089.457484 1.871e-22 0.0695
3 2 1089.52315 3.09e-25 0.0773
3 1 1089.583853 9.793e-25 0.0655
3 2 1089.65889 5.455000000000001e-26 0.0
3 1 1089.7039 1.8060000000000002e-25 0.0768
3 1 1089.7681 7.588000000000001e-25 0.077
3 2 1089.83872 4.181e-25 0.0784
3 1 1089.9084 1.1979999999999999e-23 0.0754
3 2 1089.9421 2.8310000000000002e-25 0.0773
3 2 1089.98396 4.818e-25 0.079
3 2 1090.02185 1.183e-25 0.0
3 2 1090.06101 1.274e-25 0.0
3 2 1090.11124 8.282e-26 0.0
3 2 1090.14763 9.716e-26 0.0
3 1 1090.168844 6.734e-25 0.065
3 2 1090.20689 2.095e-25 0.0
3 1 1090.227822 2.7799999999999996e-23 0.0878
3 2 1090.24772 3.11e-25 0.079
3 2 1090.26961 3.815e-25 0.0784
3 2 1090.29119 2.1820000000000003e-25 0.0796
3 1 1090.3092 1.9700000000000002e-25 0.0763
3 2 1090.32264 1.457e-25 0.0779
3 2 1090.3376 3.1540000000000003e-25 0.0
3 2 1090.35086 3.6160000000000003e-25 0.0767
3 2 1090.35985 1.223e-24 0.0878
3 2 1090.36925 7.446e-25 0.0746
3 2 1090.38104 2.365e-25 0.0784
3 2 1090.39682 8.004e-25 0.0801
3 2 1090.41553 5.535e-25 0.0725
3 2 1090.44076 2.517e-25 0.0
3 2 1090.45683 1.473e-24 0.0794
3 2 1090.46706 1.127e-24 0.069
3 2 1090.50148 4.5e-25 0.064
3 2 1090.55945 7.406e-25 0.0796
3 2 1090.60871 7.805000000000001e-26 0.0684
3 4 1090.6372 1.8850000000000002e-25 0.0718
3 1 1090.6739 1.344e-25 0.0681
3 2 1090.77396 5.9730000000000005e-25 0.07
3 1 1090.845 4.3770000000000005e-25 0.0682
3 1 1090.9403 1.011e-25 0.0648
3 1 1091.015534 1.4609999999999998e-22 0.0695
3 1 1091.078309 2.004e-24 0.0679
3 2 1091.12953 1.011e-25 0.0
3 1 1091.2446 1.3349999999999999e-24 0.0741
3 1 1091.3141 9.033000000000001e-25 0.0697
3 2 1091.42988 2.935e-25 0.0787
3 1 1091.5276 2.31e-24 0.0696
3 1 1091.6153 1.55e-25 0.0678
3 1 1091.7115 6.6320000000000005e-25 0.0693
3 1 1091.8001 5.904e-26 0.0733
3 2 1091.94391 4.2210000000000006e-26 0.078
3 4 1092.0418 1.75e-25 0.0711
3 1 1092.121058 1.726e-22 0.0723
3 4 1092.1988 1e-25 0.0696
3 1 1092.257 5.734e-25 0.0696
3 2 1092.32397 2.7e-25 0.085
3 1 1092.4696 3.3350000000000003e-26 0.0809
3 1 1092.5842 8.635000000000001e-26 0.0723
3 2 1092.68328 6.69e-26 0.0696
3 1 1092.7932 2.101e-25 0.0787
3 2 1092.97206 1.422e-25 0.0693
3 1 1093.1038 1.169e-24 0.0714
3 1 1093.2186 8.199e-26 0.07
3 1 1093.3132 4.4e-24 0.0695
3 1 1093.416067 4.992e-22 0.0744
3 2 1093.5076 7.207000000000001e-26 0.0875
3 1 1093.5758 8.676000000000001e-26 0.07
3 1 1093.6583 1.0409999999999999e-23 0.078
3 1 1093.7746 3.7770000000000003e-25 0.07
3 2 1093.88485 6.968000000000001e-26 0.0693
3 1 1093.9767 5.871000000000001e-26 0.0684
3 1 1094.0814 5.03e-24 0.0757
3 1 1094.194346 6.89e-24 0.0681
3 1 1094.271652 2.422e-24 0.0678
3 1 1094.3413 3.342e-24 0.0692
3 1 1094.472 3.745e-25 0.0693
3 2 1094.59086 4.181e-25 0.0696
3 2 1094.73417 3.902e-25 0.0697
3 1 1094.8604 1.321e-24 0.0802
3 1 1094.969 1.011e-24 0.0813
3 1 1095.031329 1.816e-23 0.0695
3 2 1095.11555 1.692e-24 0.086
3 1 1095.19 7.073e-25 0.0782
3 2 1095.30758 2.1820000000000003e-25 0.0695
3 1 1095.4185 8.741e-24 0.0695
3 1 1095.579 1.8130000000000001e-25 0.0738
3 1 1095.720086 1.2529999999999999e-23 0.0725
3 4 1095.7895 1.1630000000000002e-25 0.0777
3 1 1095.836957 5.668e-23 0.0753
3 2 1095.9048 1.0310000000000001e-25 0.0721
3 3 1095.9947 1.875e-24 0.0734
3 1 1096.1076 2.623e-25 0.0718
3 2 1096.22969 1.617e-25 0.0775
3 2 1096.34457 8.482e-25 0.0778
3 2 1096.46088 4.2610000000000004e-26 0.0695
3 1 1096.5846 6.287000000000001e-25 0.0693
3 1 1096.6542 4.0220000000000004e-26 0.0704
3 1 1096.7238 7.24e-24 0.0721
3 1 1096.8519 4.434e-26 0.0699
3 1 1096.9417 4.572e-25 0.0813
3 1 1097.076805 1.4759999999999998e-23 0.0695
3 1 1097.202138 1.022e-24 0.0706
3 1 1097.3361 2.03e-25 0.0709
3 1 1097.477997 5.457e-24 0.0684
3 1 1097.534779 6.228e-23 0.0745
3 1 1097.631994 3.634e-23 0.0893
3 1 1097.7496 9.272000000000001e-26 0.0825
3 1 1097.8451 2.258e-24 0.0671
3 1 1097.9044 3.552e-26 0.0801
3 1 1098.021935 9.898e-25 0.0719
3 2 1098.14837 4.4600000000000006e-26 0.0773
3 2 1098.24941 5.097e-26 0.0773
3 1 1098.3033 7.091e-25 0.0729
3 1 1098.3581 6.752e-25 0.0752
3 1 1098.496495 2.248e-24 0.0684
3 1 1098.6992 1.069e-25 0.0691
3 3 1098.8077 9.904000000000001e-26 0.0712
3 1 1098.939 1.558e-25 0.0687
3 2 1099.04873 2.56e-24 0.0819
3 3 1099.1323 3.231e-24 0.0682
3 2 1099.20046 5.296e-26 0.0696
3 1 1099.2885 3.9730000000000002e-25 0.0697
3 3 1099.3606 1.538e-25 0.0738
3 1 1099.4537 8.864000000000001e-26 0.0909
3 1 1099.581461 7.256e-24 0.0687
3 1 1099.695 1.2589999999999999e-23 0.0792
3 4 1099.8157 9.558000000000001e-26 0.0696
3 1 1099.888353 3.07e-23 0.0714
3 2 1099.97637 7.685e-25 0.0812
